p 1590 648
1 +1 1 +1 2 +1 3 0
2 1 -1 1 -2 1 -3 0
1 +1 4 +1 5 +1 6 0
2 1 -4 1 -5 1 -6 0
1 +1 7 +1 8 +1 9 0
2 1 -7 1 -8 1 -9 0
1 +1 10 +1 11 +1 12 0
2 1 -10 1 -11 1 -12 0
1 +1 13 +1 14 +1 15 0
2 1 -13 1 -14 1 -15 0
1 +1 16 +1 17 +1 18 0
2 1 -16 1 -17 1 -18 0
1 +1 19 +1 20 +1 21 0
2 1 -19 1 -20 1 -21 0
1 +1 22 +1 23 +1 24 0
2 1 -22 1 -23 1 -24 0
1 +1 25 +1 26 +1 27 0
2 1 -25 1 -26 1 -27 0
1 +1 28 +1 29 +1 30 0
2 1 -28 1 -29 1 -30 0
1 +1 31 +1 32 +1 33 0
2 1 -31 1 -32 1 -33 0
1 +1 34 +1 35 +1 36 0
2 1 -34 1 -35 1 -36 0
1 +1 37 +1 38 +1 39 0
2 1 -37 1 -38 1 -39 0
1 +1 40 +1 41 +1 42 0
2 1 -40 1 -41 1 -42 0
1 +1 43 +1 44 +1 45 0
2 1 -43 1 -44 1 -45 0
1 +1 46 +1 47 +1 48 0
2 1 -46 1 -47 1 -48 0
1 +1 49 +1 50 +1 51 0
2 1 -49 1 -50 1 -51 0
1 +1 52 +1 53 +1 54 0
2 1 -52 1 -53 1 -54 0
1 +1 55 +1 56 +1 57 0
2 1 -55 1 -56 1 -57 0
1 +1 58 +1 59 +1 60 0
2 1 -58 1 -59 1 -60 0
1 +1 61 +1 62 +1 63 0
2 1 -61 1 -62 1 -63 0
1 +1 64 +1 65 +1 66 0
2 1 -64 1 -65 1 -66 0
1 +1 67 +1 68 +1 69 0
2 1 -67 1 -68 1 -69 0
1 +1 70 +1 71 +1 72 0
2 1 -70 1 -71 1 -72 0
1 +1 73 +1 74 +1 75 0
2 1 -73 1 -74 1 -75 0
1 +1 76 +1 77 +1 78 0
2 1 -76 1 -77 1 -78 0
1 +1 79 +1 80 +1 81 0
2 1 -79 1 -80 1 -81 0
1 +1 82 +1 83 +1 84 0
2 1 -82 1 -83 1 -84 0
1 +1 85 +1 86 +1 87 0
2 1 -85 1 -86 1 -87 0
1 +1 88 +1 89 +1 90 0
2 1 -88 1 -89 1 -90 0
1 +1 91 +1 92 +1 93 0
2 1 -91 1 -92 1 -93 0
1 +1 94 +1 95 +1 96 0
2 1 -94 1 -95 1 -96 0
1 +1 97 +1 98 +1 99 0
2 1 -97 1 -98 1 -99 0
1 +1 100 +1 101 +1 102 0
2 1 -100 1 -101 1 -102 0
1 +1 103 +1 104 +1 105 0
2 1 -103 1 -104 1 -105 0
1 +1 106 +1 107 +1 108 0
2 1 -106 1 -107 1 -108 0
1 +1 109 +1 110 +1 111 0
2 1 -109 1 -110 1 -111 0
1 +1 112 +1 113 +1 114 0
2 1 -112 1 -113 1 -114 0
1 +1 115 +1 116 +1 117 0
2 1 -115 1 -116 1 -117 0
1 +1 118 +1 119 +1 120 0
2 1 -118 1 -119 1 -120 0
1 +1 121 +1 122 +1 123 0
2 1 -121 1 -122 1 -123 0
1 +1 124 +1 125 +1 126 0
2 1 -124 1 -125 1 -126 0
1 +1 127 +1 128 +1 129 0
2 1 -127 1 -128 1 -129 0
1 +1 130 +1 131 +1 132 0
2 1 -130 1 -131 1 -132 0
1 +1 133 +1 134 +1 135 0
2 1 -133 1 -134 1 -135 0
1 +1 136 +1 137 +1 138 0
2 1 -136 1 -137 1 -138 0
1 +1 139 +1 140 +1 141 0
2 1 -139 1 -140 1 -141 0
1 +1 142 +1 143 +1 144 0
2 1 -142 1 -143 1 -144 0
1 +1 145 +1 146 +1 147 0
2 1 -145 1 -146 1 -147 0
1 +1 148 +1 149 +1 150 0
2 1 -148 1 -149 1 -150 0
1 +1 151 +1 152 +1 153 0
2 1 -151 1 -152 1 -153 0
1 +1 154 +1 155 +1 156 0
2 1 -154 1 -155 1 -156 0
1 +1 157 +1 158 +1 159 0
2 1 -157 1 -158 1 -159 0
1 +1 160 +1 161 +1 162 0
2 1 -160 1 -161 1 -162 0
1 +1 163 +1 164 +1 165 0
2 1 -163 1 -164 1 -165 0
1 +1 166 +1 167 +1 168 0
2 1 -166 1 -167 1 -168 0
1 +1 169 +1 170 +1 171 0
2 1 -169 1 -170 1 -171 0
1 +1 172 +1 173 +1 174 0
2 1 -172 1 -173 1 -174 0
1 +1 175 +1 176 +1 177 0
2 1 -175 1 -176 1 -177 0
1 +1 178 +1 179 +1 180 0
2 1 -178 1 -179 1 -180 0
1 +1 181 +1 182 +1 183 0
2 1 -181 1 -182 1 -183 0
1 +1 184 +1 185 +1 186 0
2 1 -184 1 -185 1 -186 0
1 +1 187 +1 188 +1 189 0
2 1 -187 1 -188 1 -189 0
1 +1 190 +1 191 +1 192 0
2 1 -190 1 -191 1 -192 0
1 +1 193 +1 194 +1 195 0
2 1 -193 1 -194 1 -195 0
1 +1 196 +1 197 +1 198 0
2 1 -196 1 -197 1 -198 0
1 +1 199 +1 200 +1 201 0
2 1 -199 1 -200 1 -201 0
1 +1 202 +1 203 +1 204 0
2 1 -202 1 -203 1 -204 0
1 +1 205 +1 206 +1 207 0
2 1 -205 1 -206 1 -207 0
1 +1 208 +1 209 +1 210 0
2 1 -208 1 -209 1 -210 0
1 +1 211 +1 212 +1 213 0
2 1 -211 1 -212 1 -213 0
1 +1 214 +1 215 +1 216 0
2 1 -214 1 -215 1 -216 0
1 +1 217 +1 218 +1 219 0
2 1 -217 1 -218 1 -219 0
1 +1 220 +1 221 +1 222 0
2 1 -220 1 -221 1 -222 0
1 +1 223 +1 224 +1 225 0
2 1 -223 1 -224 1 -225 0
1 +1 226 +1 227 +1 228 0
2 1 -226 1 -227 1 -228 0
1 +1 229 +1 230 +1 231 0
2 1 -229 1 -230 1 -231 0
1 +1 232 +1 233 +1 234 0
2 1 -232 1 -233 1 -234 0
1 +1 235 +1 236 +1 237 0
2 1 -235 1 -236 1 -237 0
1 +1 238 +1 239 +1 240 0
2 1 -238 1 -239 1 -240 0
1 +1 241 +1 242 +1 243 0
2 1 -241 1 -242 1 -243 0
1 +1 244 +1 245 +1 246 0
2 1 -244 1 -245 1 -246 0
1 +1 247 +1 248 +1 249 0
2 1 -247 1 -248 1 -249 0
1 +1 250 +1 251 +1 252 0
2 1 -250 1 -251 1 -252 0
1 +1 253 +1 254 +1 255 0
2 1 -253 1 -254 1 -255 0
1 +1 256 +1 257 +1 258 0
2 1 -256 1 -257 1 -258 0
1 +1 259 +1 260 +1 261 0
2 1 -259 1 -260 1 -261 0
1 +1 262 +1 263 +1 264 0
2 1 -262 1 -263 1 -264 0
1 +1 265 +1 266 +1 267 0
2 1 -265 1 -266 1 -267 0
1 +1 268 +1 269 +1 270 0
2 1 -268 1 -269 1 -270 0
1 +1 271 +1 272 +1 273 0
2 1 -271 1 -272 1 -273 0
1 +1 274 +1 275 +1 276 0
2 1 -274 1 -275 1 -276 0
1 +1 277 +1 278 +1 279 0
2 1 -277 1 -278 1 -279 0
1 +1 280 +1 281 +1 282 0
2 1 -280 1 -281 1 -282 0
1 +1 283 +1 284 +1 285 0
2 1 -283 1 -284 1 -285 0
1 +1 286 +1 287 +1 288 0
2 1 -286 1 -287 1 -288 0
1 +1 289 +1 290 +1 291 0
2 1 -289 1 -290 1 -291 0
1 +1 292 +1 293 +1 294 0
2 1 -292 1 -293 1 -294 0
1 +1 295 +1 296 +1 297 0
2 1 -295 1 -296 1 -297 0
1 +1 298 +1 299 +1 300 0
2 1 -298 1 -299 1 -300 0
1 +1 301 +1 302 +1 303 0
2 1 -301 1 -302 1 -303 0
1 +1 304 +1 305 +1 306 0
2 1 -304 1 -305 1 -306 0
1 +1 307 +1 308 +1 309 0
2 1 -307 1 -308 1 -309 0
1 +1 310 +1 311 +1 312 0
2 1 -310 1 -311 1 -312 0
1 +1 313 +1 314 +1 315 0
2 1 -313 1 -314 1 -315 0
1 +1 316 +1 317 +1 318 0
2 1 -316 1 -317 1 -318 0
1 +1 319 +1 320 +1 321 0
2 1 -319 1 -320 1 -321 0
1 +1 322 +1 323 +1 324 0
2 1 -322 1 -323 1 -324 0
1 +1 325 +1 326 +1 327 0
2 1 -325 1 -326 1 -327 0
1 +1 328 +1 329 +1 330 0
2 1 -328 1 -329 1 -330 0
1 +1 331 +1 332 +1 333 0
2 1 -331 1 -332 1 -333 0
1 +1 334 +1 335 +1 336 0
2 1 -334 1 -335 1 -336 0
1 +1 337 +1 338 +1 339 0
2 1 -337 1 -338 1 -339 0
1 +1 340 +1 341 +1 342 0
2 1 -340 1 -341 1 -342 0
1 +1 343 +1 344 +1 345 0
2 1 -343 1 -344 1 -345 0
1 +1 346 +1 347 +1 348 0
2 1 -346 1 -347 1 -348 0
1 +1 349 +1 350 +1 351 0
2 1 -349 1 -350 1 -351 0
1 +1 352 +1 353 +1 354 0
2 1 -352 1 -353 1 -354 0
1 +1 355 +1 356 +1 357 0
2 1 -355 1 -356 1 -357 0
1 +1 358 +1 359 +1 360 0
2 1 -358 1 -359 1 -360 0
1 +1 361 +1 362 +1 363 0
2 1 -361 1 -362 1 -363 0
1 +1 364 +1 365 +1 366 0
2 1 -364 1 -365 1 -366 0
1 +1 367 +1 368 +1 369 0
2 1 -367 1 -368 1 -369 0
1 +1 370 +1 371 +1 372 0
2 1 -370 1 -371 1 -372 0
1 +1 373 +1 374 +1 375 0
2 1 -373 1 -374 1 -375 0
1 +1 376 +1 377 +1 378 0
2 1 -376 1 -377 1 -378 0
1 +1 379 +1 380 +1 381 0
2 1 -379 1 -380 1 -381 0
1 +1 382 +1 383 +1 384 0
2 1 -382 1 -383 1 -384 0
1 +1 385 +1 386 +1 387 0
2 1 -385 1 -386 1 -387 0
1 +1 388 +1 389 +1 390 0
2 1 -388 1 -389 1 -390 0
1 +1 391 +1 392 +1 393 0
2 1 -391 1 -392 1 -393 0
1 +1 394 +1 395 +1 396 0
2 1 -394 1 -395 1 -396 0
1 +1 397 +1 398 +1 399 0
2 1 -397 1 -398 1 -399 0
1 +1 400 +1 401 +1 402 0
2 1 -400 1 -401 1 -402 0
1 +1 403 +1 404 +1 405 0
2 1 -403 1 -404 1 -405 0
1 +1 406 +1 407 +1 408 0
2 1 -406 1 -407 1 -408 0
1 +1 409 +1 410 +1 411 0
2 1 -409 1 -410 1 -411 0
1 +1 412 +1 413 +1 414 0
2 1 -412 1 -413 1 -414 0
1 +1 415 +1 416 +1 417 0
2 1 -415 1 -416 1 -417 0
1 +1 418 +1 419 +1 420 0
2 1 -418 1 -419 1 -420 0
1 +1 421 +1 422 +1 423 0
2 1 -421 1 -422 1 -423 0
1 +1 424 +1 425 +1 426 0
2 1 -424 1 -425 1 -426 0
1 +1 427 +1 428 +1 429 0
2 1 -427 1 -428 1 -429 0
1 +1 430 +1 431 +1 432 0
2 1 -430 1 -431 1 -432 0
1 +1 433 +1 434 +1 435 0
2 1 -433 1 -434 1 -435 0
1 +1 436 +1 437 +1 438 0
2 1 -436 1 -437 1 -438 0
1 +1 439 +1 440 +1 441 0
2 1 -439 1 -440 1 -441 0
1 +1 442 +1 443 +1 444 0
2 1 -442 1 -443 1 -444 0
1 +1 445 +1 446 +1 447 0
2 1 -445 1 -446 1 -447 0
1 +1 448 +1 449 +1 450 0
2 1 -448 1 -449 1 -450 0
1 +1 451 +1 452 +1 453 0
2 1 -451 1 -452 1 -453 0
1 +1 454 +1 455 +1 456 0
2 1 -454 1 -455 1 -456 0
1 +1 457 +1 458 +1 459 0
2 1 -457 1 -458 1 -459 0
1 +1 460 +1 461 +1 462 0
2 1 -460 1 -461 1 -462 0
1 +1 463 +1 464 +1 465 0
2 1 -463 1 -464 1 -465 0
1 +1 466 +1 467 +1 468 0
2 1 -466 1 -467 1 -468 0
1 +1 469 +1 470 +1 471 0
2 1 -469 1 -470 1 -471 0
1 +1 472 +1 473 +1 474 0
2 1 -472 1 -473 1 -474 0
1 +1 475 +1 476 +1 477 0
2 1 -475 1 -476 1 -477 0
1 +1 478 +1 479 +1 480 0
2 1 -478 1 -479 1 -480 0
1 +1 481 +1 482 +1 483 0
2 1 -481 1 -482 1 -483 0
1 +1 484 +1 485 +1 486 0
2 1 -484 1 -485 1 -486 0
1 +1 487 +1 488 +1 489 0
2 1 -487 1 -488 1 -489 0
1 +1 490 +1 491 +1 492 0
2 1 -490 1 -491 1 -492 0
1 +1 493 +1 494 +1 495 0
2 1 -493 1 -494 1 -495 0
1 +1 496 +1 497 +1 498 0
2 1 -496 1 -497 1 -498 0
1 +1 499 +1 500 +1 501 0
2 1 -499 1 -500 1 -501 0
1 +1 502 +1 503 +1 504 0
2 1 -502 1 -503 1 -504 0
1 +1 505 +1 506 +1 507 0
2 1 -505 1 -506 1 -507 0
1 +1 508 +1 509 +1 510 0
2 1 -508 1 -509 1 -510 0
1 +1 511 +1 512 +1 513 0
2 1 -511 1 -512 1 -513 0
1 +1 514 +1 515 +1 516 0
2 1 -514 1 -515 1 -516 0
1 +1 517 +1 518 +1 519 0
2 1 -517 1 -518 1 -519 0
1 +1 520 +1 521 +1 522 0
2 1 -520 1 -521 1 -522 0
1 +1 523 +1 524 +1 525 0
2 1 -523 1 -524 1 -525 0
1 +1 526 +1 527 +1 528 0
2 1 -526 1 -527 1 -528 0
1 +1 529 +1 530 +1 531 0
2 1 -529 1 -530 1 -531 0
1 +1 532 +1 533 +1 534 0
2 1 -532 1 -533 1 -534 0
1 +1 535 +1 536 +1 537 0
2 1 -535 1 -536 1 -537 0
1 +1 538 +1 539 +1 540 0
2 1 -538 1 -539 1 -540 0
1 +1 541 +1 542 +1 543 0
2 1 -541 1 -542 1 -543 0
1 +1 544 +1 545 +1 546 0
2 1 -544 1 -545 1 -546 0
1 +1 547 +1 548 +1 549 0
2 1 -547 1 -548 1 -549 0
1 +1 550 +1 551 +1 552 0
2 1 -550 1 -551 1 -552 0
1 +1 553 +1 554 +1 555 0
2 1 -553 1 -554 1 -555 0
1 +1 556 +1 557 +1 558 0
2 1 -556 1 -557 1 -558 0
1 +1 559 +1 560 +1 561 0
2 1 -559 1 -560 1 -561 0
1 +1 562 +1 563 +1 564 0
2 1 -562 1 -563 1 -564 0
1 +1 565 +1 566 +1 567 0
2 1 -565 1 -566 1 -567 0
1 +1 568 +1 569 +1 570 0
2 1 -568 1 -569 1 -570 0
1 +1 571 +1 572 +1 573 0
2 1 -571 1 -572 1 -573 0
1 +1 574 +1 575 +1 576 0
2 1 -574 1 -575 1 -576 0
1 +1 577 +1 578 +1 579 0
2 1 -577 1 -578 1 -579 0
1 +1 580 +1 581 +1 582 0
2 1 -580 1 -581 1 -582 0
1 +1 583 +1 584 +1 585 0
2 1 -583 1 -584 1 -585 0
1 +1 586 +1 587 +1 588 0
2 1 -586 1 -587 1 -588 0
1 +1 589 +1 590 +1 591 0
2 1 -589 1 -590 1 -591 0
1 +1 592 +1 593 +1 594 0
2 1 -592 1 -593 1 -594 0
1 +1 595 +1 596 +1 597 0
2 1 -595 1 -596 1 -597 0
1 +1 598 +1 599 +1 600 0
2 1 -598 1 -599 1 -600 0
1 +1 601 +1 602 +1 603 0
2 1 -601 1 -602 1 -603 0
1 +1 604 +1 605 +1 606 0
2 1 -604 1 -605 1 -606 0
1 +1 607 +1 608 +1 609 0
2 1 -607 1 -608 1 -609 0
1 +1 610 +1 611 +1 612 0
2 1 -610 1 -611 1 -612 0
1 +1 613 +1 614 +1 615 0
2 1 -613 1 -614 1 -615 0
1 +1 616 +1 617 +1 618 0
2 1 -616 1 -617 1 -618 0
1 +1 619 +1 620 +1 621 0
2 1 -619 1 -620 1 -621 0
1 +1 622 +1 623 +1 624 0
2 1 -622 1 -623 1 -624 0
1 +1 625 +1 626 +1 627 0
2 1 -625 1 -626 1 -627 0
1 +1 628 +1 629 +1 630 0
2 1 -628 1 -629 1 -630 0
1 +1 631 +1 632 +1 633 0
2 1 -631 1 -632 1 -633 0
1 +1 634 +1 635 +1 636 0
2 1 -634 1 -635 1 -636 0
1 +1 637 +1 638 +1 639 0
2 1 -637 1 -638 1 -639 0
1 +1 640 +1 641 +1 642 0
2 1 -640 1 -641 1 -642 0
1 +1 643 +1 644 +1 645 0
2 1 -643 1 -644 1 -645 0
1 +1 646 +1 647 +1 648 0
2 1 -646 1 -647 1 -648 0
1 1 -1 1 -253 0
1 1 -2 1 -254 0
1 1 -3 1 -255 0
1 1 -1 1 -268 0
1 1 -2 1 -269 0
1 1 -3 1 -270 0
1 1 -1 1 -457 0
1 1 -2 1 -458 0
1 1 -3 1 -459 0
1 1 -1 1 -70 0
1 1 -2 1 -71 0
1 1 -3 1 -72 0
1 1 -1 1 -610 0
1 1 -2 1 -611 0
1 1 -3 1 -612 0
1 1 -1 1 -334 0
1 1 -2 1 -335 0
1 1 -3 1 -336 0
1 1 -1 1 -151 0
1 1 -2 1 -152 0
1 1 -3 1 -153 0
1 1 -4 1 -316 0
1 1 -5 1 -317 0
1 1 -6 1 -318 0
1 1 -4 1 -322 0
1 1 -5 1 -323 0
1 1 -6 1 -324 0
1 1 -4 1 -451 0
1 1 -5 1 -452 0
1 1 -6 1 -453 0
1 1 -4 1 -199 0
1 1 -5 1 -200 0
1 1 -6 1 -201 0
1 1 -4 1 -184 0
1 1 -5 1 -185 0
1 1 -6 1 -186 0
1 1 -4 1 -187 0
1 1 -5 1 -188 0
1 1 -6 1 -189 0
1 1 -4 1 -637 0
1 1 -5 1 -638 0
1 1 -6 1 -639 0
1 1 -4 1 -565 0
1 1 -5 1 -566 0
1 1 -6 1 -567 0
1 1 -7 1 -418 0
1 1 -8 1 -419 0
1 1 -9 1 -420 0
1 1 -7 1 -277 0
1 1 -8 1 -278 0
1 1 -9 1 -279 0
1 1 -7 1 -580 0
1 1 -8 1 -581 0
1 1 -9 1 -582 0
1 1 -7 1 -502 0
1 1 -8 1 -503 0
1 1 -9 1 -504 0
1 1 -7 1 -511 0
1 1 -8 1 -512 0
1 1 -9 1 -513 0
1 1 -7 1 -481 0
1 1 -8 1 -482 0
1 1 -9 1 -483 0
1 1 -7 1 -238 0
1 1 -8 1 -239 0
1 1 -9 1 -240 0
1 1 -10 1 -373 0
1 1 -11 1 -374 0
1 1 -12 1 -375 0
1 1 -10 1 -346 0
1 1 -11 1 -347 0
1 1 -12 1 -348 0
1 1 -10 1 -475 0
1 1 -11 1 -476 0
1 1 -12 1 -477 0
1 1 -10 1 -262 0
1 1 -11 1 -263 0
1 1 -12 1 -264 0
1 1 -10 1 -571 0
1 1 -11 1 -572 0
1 1 -12 1 -573 0
1 1 -10 1 -112 0
1 1 -11 1 -113 0
1 1 -12 1 -114 0
1 1 -10 1 -382 0
1 1 -11 1 -383 0
1 1 -12 1 -384 0
1 1 -10 1 -331 0
1 1 -11 1 -332 0
1 1 -12 1 -333 0
1 1 -13 1 -247 0
1 1 -14 1 -248 0
1 1 -15 1 -249 0
1 1 -13 1 -91 0
1 1 -14 1 -92 0
1 1 -15 1 -93 0
1 1 -13 1 -163 0
1 1 -14 1 -164 0
1 1 -15 1 -165 0
1 1 -13 1 -340 0
1 1 -14 1 -341 0
1 1 -15 1 -342 0
1 1 -13 1 -214 0
1 1 -14 1 -215 0
1 1 -15 1 -216 0
1 1 -13 1 -619 0
1 1 -14 1 -620 0
1 1 -15 1 -621 0
1 1 -13 1 -40 0
1 1 -14 1 -41 0
1 1 -15 1 -42 0
1 1 -13 1 -550 0
1 1 -14 1 -551 0
1 1 -15 1 -552 0
1 1 -16 1 -487 0
1 1 -17 1 -488 0
1 1 -18 1 -489 0
1 1 -16 1 -460 0
1 1 -17 1 -461 0
1 1 -18 1 -462 0
1 1 -16 1 -400 0
1 1 -17 1 -401 0
1 1 -18 1 -402 0
1 1 -16 1 -124 0
1 1 -17 1 -125 0
1 1 -18 1 -126 0
1 1 -16 1 -73 0
1 1 -17 1 -74 0
1 1 -18 1 -75 0
1 1 -16 1 -289 0
1 1 -17 1 -290 0
1 1 -18 1 -291 0
1 1 -16 1 -589 0
1 1 -17 1 -590 0
1 1 -18 1 -591 0
1 1 -19 1 -415 0
1 1 -20 1 -416 0
1 1 -21 1 -417 0
1 1 -19 1 -424 0
1 1 -20 1 -425 0
1 1 -21 1 -426 0
1 1 -19 1 -64 0
1 1 -20 1 -65 0
1 1 -21 1 -66 0
1 1 -19 1 -130 0
1 1 -20 1 -131 0
1 1 -21 1 -132 0
1 1 -19 1 -88 0
1 1 -20 1 -89 0
1 1 -21 1 -90 0
1 1 -19 1 -298 0
1 1 -20 1 -299 0
1 1 -21 1 -300 0
1 1 -22 1 -169 0
1 1 -23 1 -170 0
1 1 -24 1 -171 0
1 1 -22 1 -517 0
1 1 -23 1 -518 0
1 1 -24 1 -519 0
1 1 -22 1 -280 0
1 1 -23 1 -281 0
1 1 -24 1 -282 0
1 1 -22 1 -544 0
1 1 -23 1 -545 0
1 1 -24 1 -546 0
1 1 -22 1 -526 0
1 1 -23 1 -527 0
1 1 -24 1 -528 0
1 1 -22 1 -49 0
1 1 -23 1 -50 0
1 1 -24 1 -51 0
1 1 -22 1 -307 0
1 1 -23 1 -308 0
1 1 -24 1 -309 0
1 1 -25 1 -160 0
1 1 -26 1 -161 0
1 1 -27 1 -162 0
1 1 -25 1 -196 0
1 1 -26 1 -197 0
1 1 -27 1 -198 0
1 1 -25 1 -121 0
1 1 -26 1 -122 0
1 1 -27 1 -123 0
1 1 -25 1 -628 0
1 1 -26 1 -629 0
1 1 -27 1 -630 0
1 1 -25 1 -142 0
1 1 -26 1 -143 0
1 1 -27 1 -144 0
1 1 -25 1 -148 0
1 1 -26 1 -149 0
1 1 -27 1 -150 0
1 1 -25 1 -646 0
1 1 -26 1 -647 0
1 1 -27 1 -648 0
1 1 -28 1 -349 0
1 1 -29 1 -350 0
1 1 -30 1 -351 0
1 1 -28 1 -439 0
1 1 -29 1 -440 0
1 1 -30 1 -441 0
1 1 -28 1 -385 0
1 1 -29 1 -386 0
1 1 -30 1 -387 0
1 1 -28 1 -598 0
1 1 -29 1 -599 0
1 1 -30 1 -600 0
1 1 -28 1 -217 0
1 1 -29 1 -218 0
1 1 -30 1 -219 0
1 1 -28 1 -229 0
1 1 -29 1 -230 0
1 1 -30 1 -231 0
1 1 -28 1 -58 0
1 1 -29 1 -59 0
1 1 -30 1 -60 0
1 1 -31 1 -409 0
1 1 -32 1 -410 0
1 1 -33 1 -411 0
1 1 -31 1 -55 0
1 1 -32 1 -56 0
1 1 -33 1 -57 0
1 1 -31 1 -58 0
1 1 -32 1 -59 0
1 1 -33 1 -60 0
1 1 -34 1 -379 0
1 1 -35 1 -380 0
1 1 -36 1 -381 0
1 1 -34 1 -382 0
1 1 -35 1 -383 0
1 1 -36 1 -384 0
1 1 -34 1 -55 0
1 1 -35 1 -56 0
1 1 -36 1 -57 0
1 1 -37 1 -40 0
1 1 -38 1 -41 0
1 1 -39 1 -42 0
1 1 -37 1 -43 0
1 1 -38 1 -44 0
1 1 -39 1 -45 0
1 1 -37 1 -46 0
1 1 -38 1 -47 0
1 1 -39 1 -48 0
1 1 -40 1 -43 0
1 1 -41 1 -44 0
1 1 -42 1 -45 0
1 1 -43 1 -409 0
1 1 -44 1 -410 0
1 1 -45 1 -411 0
1 1 -46 1 -49 0
1 1 -47 1 -50 0
1 1 -48 1 -51 0
1 1 -46 1 -52 0
1 1 -47 1 -53 0
1 1 -48 1 -54 0
1 1 -49 1 -52 0
1 1 -50 1 -53 0
1 1 -51 1 -54 0
1 1 -52 1 -409 0
1 1 -53 1 -410 0
1 1 -54 1 -411 0
1 1 -55 1 -58 0
1 1 -56 1 -59 0
1 1 -57 1 -60 0
1 1 -61 1 -403 0
1 1 -62 1 -404 0
1 1 -63 1 -405 0
1 1 -61 1 -67 0
1 1 -62 1 -68 0
1 1 -63 1 -69 0
1 1 -61 1 -70 0
1 1 -62 1 -71 0
1 1 -63 1 -72 0
1 1 -64 1 -67 0
1 1 -65 1 -68 0
1 1 -66 1 -69 0
1 1 -64 1 -79 0
1 1 -65 1 -80 0
1 1 -66 1 -81 0
1 1 -67 1 -70 0
1 1 -68 1 -71 0
1 1 -69 1 -72 0
1 1 -67 1 -79 0
1 1 -68 1 -80 0
1 1 -69 1 -81 0
1 1 -73 1 -76 0
1 1 -74 1 -77 0
1 1 -75 1 -78 0
1 1 -73 1 -82 0
1 1 -74 1 -83 0
1 1 -75 1 -84 0
1 1 -76 1 -406 0
1 1 -77 1 -407 0
1 1 -78 1 -408 0
1 1 -76 1 -82 0
1 1 -77 1 -83 0
1 1 -78 1 -84 0
1 1 -79 1 -409 0
1 1 -80 1 -410 0
1 1 -81 1 -411 0
1 1 -82 1 -85 0
1 1 -83 1 -86 0
1 1 -84 1 -87 0
1 1 -85 1 -295 0
1 1 -86 1 -296 0
1 1 -87 1 -297 0
1 1 -85 1 -88 0
1 1 -86 1 -89 0
1 1 -87 1 -90 0
1 1 -88 1 -295 0
1 1 -89 1 -296 0
1 1 -90 1 -297 0
1 1 -91 1 -94 0
1 1 -92 1 -95 0
1 1 -93 1 -96 0
1 1 -91 1 -100 0
1 1 -92 1 -101 0
1 1 -93 1 -102 0
1 1 -94 1 -100 0
1 1 -95 1 -101 0
1 1 -96 1 -102 0
1 1 -94 1 -103 0
1 1 -95 1 -104 0
1 1 -96 1 -105 0
1 1 -97 1 -199 0
1 1 -98 1 -200 0
1 1 -99 1 -201 0
1 1 -97 1 -202 0
1 1 -98 1 -203 0
1 1 -99 1 -204 0
1 1 -97 1 -118 0
1 1 -98 1 -119 0
1 1 -99 1 -120 0
1 1 -97 1 -121 0
1 1 -98 1 -122 0
1 1 -99 1 -123 0
1 1 -100 1 -406 0
1 1 -101 1 -407 0
1 1 -102 1 -408 0
1 1 -103 1 -109 0
1 1 -104 1 -110 0
1 1 -105 1 -111 0
1 1 -103 1 -112 0
1 1 -104 1 -113 0
1 1 -105 1 -114 0
1 1 -106 1 -406 0
1 1 -107 1 -407 0
1 1 -108 1 -408 0
1 1 -106 1 -337 0
1 1 -107 1 -338 0
1 1 -108 1 -339 0
1 1 -106 1 -340 0
1 1 -107 1 -341 0
1 1 -108 1 -342 0
1 1 -109 1 -406 0
1 1 -110 1 -407 0
1 1 -111 1 -408 0
1 1 -109 1 -112 0
1 1 -110 1 -113 0
1 1 -111 1 -114 0
1 1 -115 1 -493 0
1 1 -116 1 -494 0
1 1 -117 1 -495 0
1 1 -115 1 -124 0
1 1 -116 1 -125 0
1 1 -117 1 -126 0
1 1 -115 1 -538 0
1 1 -116 1 -539 0
1 1 -117 1 -540 0
1 1 -118 1 -406 0
1 1 -119 1 -407 0
1 1 -120 1 -408 0
1 1 -118 1 -121 0
1 1 -119 1 -122 0
1 1 -120 1 -123 0
1 1 -124 1 -538 0
1 1 -125 1 -539 0
1 1 -126 1 -540 0
1 1 -127 1 -133 0
1 1 -128 1 -134 0
1 1 -129 1 -135 0
1 1 -127 1 -409 0
1 1 -128 1 -410 0
1 1 -129 1 -411 0
1 1 -127 1 -130 0
1 1 -128 1 -131 0
1 1 -129 1 -132 0
1 1 -130 1 -133 0
1 1 -131 1 -134 0
1 1 -132 1 -135 0
1 1 -133 1 -139 0
1 1 -134 1 -140 0
1 1 -135 1 -141 0
1 1 -133 1 -142 0
1 1 -134 1 -143 0
1 1 -135 1 -144 0
1 1 -136 1 -403 0
1 1 -137 1 -404 0
1 1 -138 1 -405 0
1 1 -136 1 -151 0
1 1 -137 1 -152 0
1 1 -138 1 -153 0
1 1 -136 1 -154 0
1 1 -137 1 -155 0
1 1 -138 1 -156 0
1 1 -139 1 -403 0
1 1 -140 1 -404 0
1 1 -141 1 -405 0
1 1 -139 1 -142 0
1 1 -140 1 -143 0
1 1 -141 1 -144 0
1 1 -145 1 -403 0
1 1 -146 1 -404 0
1 1 -147 1 -405 0
1 1 -145 1 -535 0
1 1 -146 1 -536 0
1 1 -147 1 -537 0
1 1 -145 1 -148 0
1 1 -146 1 -149 0
1 1 -147 1 -150 0
1 1 -148 1 -535 0
1 1 -149 1 -536 0
1 1 -150 1 -537 0
1 1 -151 1 -154 0
1 1 -152 1 -155 0
1 1 -153 1 -156 0
1 1 -154 1 -535 0
1 1 -155 1 -536 0
1 1 -156 1 -537 0
1 1 -157 1 -160 0
1 1 -158 1 -161 0
1 1 -159 1 -162 0
1 1 -157 1 -175 0
1 1 -158 1 -176 0
1 1 -159 1 -177 0
1 1 -157 1 -178 0
1 1 -158 1 -179 0
1 1 -159 1 -180 0
1 1 -160 1 -175 0
1 1 -161 1 -176 0
1 1 -162 1 -177 0
1 1 -163 1 -604 0
1 1 -164 1 -605 0
1 1 -165 1 -606 0
1 1 -163 1 -166 0
1 1 -164 1 -167 0
1 1 -165 1 -168 0
1 1 -166 1 -604 0
1 1 -167 1 -605 0
1 1 -168 1 -606 0
1 1 -166 1 -409 0
1 1 -167 1 -410 0
1 1 -168 1 -411 0
1 1 -169 1 -172 0
1 1 -170 1 -173 0
1 1 -171 1 -174 0
1 1 -169 1 -178 0
1 1 -170 1 -179 0
1 1 -171 1 -180 0
1 1 -172 1 -409 0
1 1 -173 1 -410 0
1 1 -174 1 -411 0
1 1 -172 1 -178 0
1 1 -173 1 -179 0
1 1 -174 1 -180 0
1 1 -175 1 -409 0
1 1 -176 1 -410 0
1 1 -177 1 -411 0
1 1 -181 1 -553 0
1 1 -182 1 -554 0
1 1 -183 1 -555 0
1 1 -181 1 -184 0
1 1 -182 1 -185 0
1 1 -183 1 -186 0
1 1 -181 1 -556 0
1 1 -182 1 -557 0
1 1 -183 1 -558 0
1 1 -184 1 -556 0
1 1 -185 1 -557 0
1 1 -186 1 -558 0
1 1 -187 1 -190 0
1 1 -188 1 -191 0
1 1 -189 1 -192 0
1 1 -187 1 -208 0
1 1 -188 1 -209 0
1 1 -189 1 -210 0
1 1 -190 1 -403 0
1 1 -191 1 -404 0
1 1 -192 1 -405 0
1 1 -190 1 -208 0
1 1 -191 1 -209 0
1 1 -192 1 -210 0
1 1 -193 1 -196 0
1 1 -194 1 -197 0
1 1 -195 1 -198 0
1 1 -193 1 -205 0
1 1 -194 1 -206 0
1 1 -195 1 -207 0
1 1 -193 1 -211 0
1 1 -194 1 -212 0
1 1 -195 1 -213 0
1 1 -193 1 -214 0
1 1 -194 1 -215 0
1 1 -195 1 -216 0
1 1 -196 1 -211 0
1 1 -197 1 -212 0
1 1 -198 1 -213 0
1 1 -199 1 -202 0
1 1 -200 1 -203 0
1 1 -201 1 -204 0
1 1 -202 1 -403 0
1 1 -203 1 -404 0
1 1 -204 1 -405 0
1 1 -205 1 -403 0
1 1 -206 1 -404 0
1 1 -207 1 -405 0
1 1 -205 1 -214 0
1 1 -206 1 -215 0
1 1 -207 1 -216 0
1 1 -208 1 -622 0
1 1 -209 1 -623 0
1 1 -210 1 -624 0
1 1 -211 1 -406 0
1 1 -212 1 -407 0
1 1 -213 1 -408 0
1 1 -217 1 -220 0
1 1 -218 1 -221 0
1 1 -219 1 -222 0
1 1 -217 1 -244 0
1 1 -218 1 -245 0
1 1 -219 1 -246 0
1 1 -220 1 -406 0
1 1 -221 1 -407 0
1 1 -222 1 -408 0
1 1 -220 1 -244 0
1 1 -221 1 -245 0
1 1 -222 1 -246 0
1 1 -223 1 -403 0
1 1 -224 1 -404 0
1 1 -225 1 -405 0
1 1 -223 1 -280 0
1 1 -224 1 -281 0
1 1 -225 1 -282 0
1 1 -223 1 -301 0
1 1 -224 1 -302 0
1 1 -225 1 -303 0
1 1 -226 1 -229 0
1 1 -227 1 -230 0
1 1 -228 1 -231 0
1 1 -226 1 -232 0
1 1 -227 1 -233 0
1 1 -228 1 -234 0
1 1 -226 1 -235 0
1 1 -227 1 -236 0
1 1 -228 1 -237 0
1 1 -229 1 -232 0
1 1 -230 1 -233 0
1 1 -231 1 -234 0
1 1 -232 1 -406 0
1 1 -233 1 -407 0
1 1 -234 1 -408 0
1 1 -235 1 -238 0
1 1 -236 1 -239 0
1 1 -237 1 -240 0
1 1 -235 1 -241 0
1 1 -236 1 -242 0
1 1 -237 1 -243 0
1 1 -238 1 -241 0
1 1 -239 1 -242 0
1 1 -240 1 -243 0
1 1 -241 1 -406 0
1 1 -242 1 -407 0
1 1 -243 1 -408 0
1 1 -244 1 -412 0
1 1 -245 1 -413 0
1 1 -246 1 -414 0
1 1 -244 1 -415 0
1 1 -245 1 -416 0
1 1 -246 1 -417 0
1 1 -247 1 -256 0
1 1 -248 1 -257 0
1 1 -249 1 -258 0
1 1 -247 1 -274 0
1 1 -248 1 -275 0
1 1 -249 1 -276 0
1 1 -250 1 -253 0
1 1 -251 1 -254 0
1 1 -252 1 -255 0
1 1 -250 1 -256 0
1 1 -251 1 -257 0
1 1 -252 1 -258 0
1 1 -250 1 -409 0
1 1 -251 1 -410 0
1 1 -252 1 -411 0
1 1 -253 1 -256 0
1 1 -254 1 -257 0
1 1 -255 1 -258 0
1 1 -256 1 -274 0
1 1 -257 1 -275 0
1 1 -258 1 -276 0
1 1 -259 1 -406 0
1 1 -260 1 -407 0
1 1 -261 1 -408 0
1 1 -259 1 -262 0
1 1 -260 1 -263 0
1 1 -261 1 -264 0
1 1 -259 1 -445 0
1 1 -260 1 -446 0
1 1 -261 1 -447 0
1 1 -262 1 -445 0
1 1 -263 1 -446 0
1 1 -264 1 -447 0
1 1 -265 1 -409 0
1 1 -266 1 -410 0
1 1 -267 1 -411 0
1 1 -265 1 -268 0
1 1 -266 1 -269 0
1 1 -267 1 -270 0
1 1 -265 1 -445 0
1 1 -266 1 -446 0
1 1 -267 1 -447 0
1 1 -268 1 -445 0
1 1 -269 1 -446 0
1 1 -270 1 -447 0
1 1 -271 1 -322 0
1 1 -272 1 -323 0
1 1 -273 1 -324 0
1 1 -271 1 -325 0
1 1 -272 1 -326 0
1 1 -273 1 -327 0
1 1 -271 1 -328 0
1 1 -272 1 -329 0
1 1 -273 1 -330 0
1 1 -274 1 -406 0
1 1 -275 1 -407 0
1 1 -276 1 -408 0
1 1 -277 1 -355 0
1 1 -278 1 -356 0
1 1 -279 1 -357 0
1 1 -277 1 -361 0
1 1 -278 1 -362 0
1 1 -279 1 -363 0
1 1 -280 1 -301 0
1 1 -281 1 -302 0
1 1 -282 1 -303 0
1 1 -283 1 -406 0
1 1 -284 1 -407 0
1 1 -285 1 -408 0
1 1 -283 1 -298 0
1 1 -284 1 -299 0
1 1 -285 1 -300 0
1 1 -283 1 -301 0
1 1 -284 1 -302 0
1 1 -285 1 -303 0
1 1 -286 1 -289 0
1 1 -287 1 -290 0
1 1 -288 1 -291 0
1 1 -286 1 -292 0
1 1 -287 1 -293 0
1 1 -288 1 -294 0
1 1 -286 1 -406 0
1 1 -287 1 -407 0
1 1 -288 1 -408 0
1 1 -289 1 -292 0
1 1 -290 1 -293 0
1 1 -291 1 -294 0
1 1 -292 1 -304 0
1 1 -293 1 -305 0
1 1 -294 1 -306 0
1 1 -292 1 -307 0
1 1 -293 1 -308 0
1 1 -294 1 -309 0
1 1 -295 1 -406 0
1 1 -296 1 -407 0
1 1 -297 1 -408 0
1 1 -298 1 -301 0
1 1 -299 1 -302 0
1 1 -300 1 -303 0
1 1 -304 1 -403 0
1 1 -305 1 -404 0
1 1 -306 1 -405 0
1 1 -304 1 -307 0
1 1 -305 1 -308 0
1 1 -306 1 -309 0
1 1 -310 1 -406 0
1 1 -311 1 -407 0
1 1 -312 1 -408 0
1 1 -310 1 -328 0
1 1 -311 1 -329 0
1 1 -312 1 -330 0
1 1 -310 1 -331 0
1 1 -311 1 -332 0
1 1 -312 1 -333 0
1 1 -313 1 -316 0
1 1 -314 1 -317 0
1 1 -315 1 -318 0
1 1 -313 1 -319 0
1 1 -314 1 -320 0
1 1 -315 1 -321 0
1 1 -313 1 -337 0
1 1 -314 1 -338 0
1 1 -315 1 -339 0
1 1 -316 1 -319 0
1 1 -317 1 -320 0
1 1 -318 1 -321 0
1 1 -319 1 -406 0
1 1 -320 1 -407 0
1 1 -321 1 -408 0
1 1 -322 1 -325 0
1 1 -323 1 -326 0
1 1 -324 1 -327 0
1 1 -325 1 -406 0
1 1 -326 1 -407 0
1 1 -327 1 -408 0
1 1 -328 1 -331 0
1 1 -329 1 -332 0
1 1 -330 1 -333 0
1 1 -334 1 -520 0
1 1 -335 1 -521 0
1 1 -336 1 -522 0
1 1 -334 1 -364 0
1 1 -335 1 -365 0
1 1 -336 1 -366 0
1 1 -337 1 -340 0
1 1 -338 1 -341 0
1 1 -339 1 -342 0
1 1 -343 1 -346 0
1 1 -344 1 -347 0
1 1 -345 1 -348 0
1 1 -343 1 -358 0
1 1 -344 1 -359 0
1 1 -345 1 -360 0
1 1 -343 1 -367 0
1 1 -344 1 -368 0
1 1 -345 1 -369 0
1 1 -346 1 -367 0
1 1 -347 1 -368 0
1 1 -348 1 -369 0
1 1 -349 1 -352 0
1 1 -350 1 -353 0
1 1 -351 1 -354 0
1 1 -349 1 -358 0
1 1 -350 1 -359 0
1 1 -351 1 -360 0
1 1 -352 1 -403 0
1 1 -353 1 -404 0
1 1 -354 1 -405 0
1 1 -352 1 -358 0
1 1 -353 1 -359 0
1 1 -354 1 -360 0
1 1 -355 1 -403 0
1 1 -356 1 -404 0
1 1 -357 1 -405 0
1 1 -355 1 -361 0
1 1 -356 1 -362 0
1 1 -357 1 -363 0
1 1 -361 1 -430 0
1 1 -362 1 -431 0
1 1 -363 1 -432 0
1 1 -364 1 -520 0
1 1 -365 1 -521 0
1 1 -366 1 -522 0
1 1 -364 1 -523 0
1 1 -365 1 -524 0
1 1 -366 1 -525 0
1 1 -367 1 -403 0
1 1 -368 1 -404 0
1 1 -369 1 -405 0
1 1 -370 1 -592 0
1 1 -371 1 -593 0
1 1 -372 1 -594 0
1 1 -370 1 -595 0
1 1 -371 1 -596 0
1 1 -372 1 -597 0
1 1 -370 1 -598 0
1 1 -371 1 -599 0
1 1 -372 1 -600 0
1 1 -373 1 -376 0
1 1 -374 1 -377 0
1 1 -375 1 -378 0
1 1 -373 1 -466 0
1 1 -374 1 -467 0
1 1 -375 1 -468 0
1 1 -376 1 -466 0
1 1 -377 1 -467 0
1 1 -378 1 -468 0
1 1 -376 1 -469 0
1 1 -377 1 -470 0
1 1 -378 1 -471 0
1 1 -379 1 -409 0
1 1 -380 1 -410 0
1 1 -381 1 -411 0
1 1 -379 1 -382 0
1 1 -380 1 -383 0
1 1 -381 1 -384 0
1 1 -385 1 -388 0
1 1 -386 1 -389 0
1 1 -387 1 -390 0
1 1 -385 1 -394 0
1 1 -386 1 -395 0
1 1 -387 1 -396 0
1 1 -388 1 -391 0
1 1 -389 1 -392 0
1 1 -390 1 -393 0
1 1 -388 1 -394 0
1 1 -389 1 -395 0
1 1 -390 1 -396 0
1 1 -391 1 -397 0
1 1 -392 1 -398 0
1 1 -393 1 -399 0
1 1 -391 1 -400 0
1 1 -392 1 -401 0
1 1 -393 1 -402 0
1 1 -394 1 -409 0
1 1 -395 1 -410 0
1 1 -396 1 -411 0
1 1 -397 1 -409 0
1 1 -398 1 -410 0
1 1 -399 1 -411 0
1 1 -397 1 -400 0
1 1 -398 1 -401 0
1 1 -399 1 -402 0
1 1 -403 1 -478 0
1 1 -404 1 -479 0
1 1 -405 1 -480 0
1 1 -403 1 -490 0
1 1 -404 1 -491 0
1 1 -405 1 -492 0
1 1 -403 1 -496 0
1 1 -404 1 -497 0
1 1 -405 1 -498 0
1 1 -403 1 -505 0
1 1 -404 1 -506 0
1 1 -405 1 -507 0
1 1 -403 1 -538 0
1 1 -404 1 -539 0
1 1 -405 1 -540 0
1 1 -403 1 -406 0
1 1 -404 1 -407 0
1 1 -405 1 -408 0
1 1 -403 1 -409 0
1 1 -404 1 -410 0
1 1 -405 1 -411 0
1 1 -403 1 -412 0
1 1 -404 1 -413 0
1 1 -405 1 -414 0
1 1 -403 1 -433 0
1 1 -404 1 -434 0
1 1 -405 1 -435 0
1 1 -403 1 -436 0
1 1 -404 1 -437 0
1 1 -405 1 -438 0
1 1 -403 1 -586 0
1 1 -404 1 -587 0
1 1 -405 1 -588 0
1 1 -403 1 -595 0
1 1 -404 1 -596 0
1 1 -405 1 -597 0
1 1 -403 1 -577 0
1 1 -404 1 -578 0
1 1 -405 1 -579 0
1 1 -403 1 -616 0
1 1 -404 1 -617 0
1 1 -405 1 -618 0
1 1 -406 1 -442 0
1 1 -407 1 -443 0
1 1 -408 1 -444 0
1 1 -406 1 -520 0
1 1 -407 1 -521 0
1 1 -408 1 -522 0
1 1 -406 1 -529 0
1 1 -407 1 -530 0
1 1 -408 1 -531 0
1 1 -406 1 -532 0
1 1 -407 1 -533 0
1 1 -408 1 -534 0
1 1 -406 1 -409 0
1 1 -407 1 -410 0
1 1 -408 1 -411 0
1 1 -406 1 -427 0
1 1 -407 1 -428 0
1 1 -408 1 -429 0
1 1 -406 1 -607 0
1 1 -407 1 -608 0
1 1 -408 1 -609 0
1 1 -409 1 -448 0
1 1 -410 1 -449 0
1 1 -411 1 -450 0
1 1 -409 1 -463 0
1 1 -410 1 -464 0
1 1 -411 1 -465 0
1 1 -409 1 -466 0
1 1 -410 1 -467 0
1 1 -411 1 -468 0
1 1 -409 1 -472 0
1 1 -410 1 -473 0
1 1 -411 1 -474 0
1 1 -409 1 -514 0
1 1 -410 1 -515 0
1 1 -411 1 -516 0
1 1 -409 1 -541 0
1 1 -410 1 -542 0
1 1 -411 1 -543 0
1 1 -409 1 -547 0
1 1 -410 1 -548 0
1 1 -411 1 -549 0
1 1 -409 1 -556 0
1 1 -410 1 -557 0
1 1 -411 1 -558 0
1 1 -409 1 -562 0
1 1 -410 1 -563 0
1 1 -411 1 -564 0
1 1 -409 1 -601 0
1 1 -410 1 -602 0
1 1 -411 1 -603 0
1 1 -409 1 -631 0
1 1 -410 1 -632 0
1 1 -411 1 -633 0
1 1 -409 1 -640 0
1 1 -410 1 -641 0
1 1 -411 1 -642 0
1 1 -412 1 -415 0
1 1 -413 1 -416 0
1 1 -414 1 -417 0
1 1 -418 1 -421 0
1 1 -419 1 -422 0
1 1 -420 1 -423 0
1 1 -418 1 -427 0
1 1 -419 1 -428 0
1 1 -420 1 -429 0
1 1 -421 1 -424 0
1 1 -422 1 -425 0
1 1 -423 1 -426 0
1 1 -421 1 -427 0
1 1 -422 1 -428 0
1 1 -423 1 -429 0
1 1 -421 1 -433 0
1 1 -422 1 -434 0
1 1 -423 1 -435 0
1 1 -424 1 -433 0
1 1 -425 1 -434 0
1 1 -426 1 -435 0
1 1 -430 1 -436 0
1 1 -431 1 -437 0
1 1 -432 1 -438 0
1 1 -430 1 -439 0
1 1 -431 1 -440 0
1 1 -432 1 -441 0
1 1 -436 1 -439 0
1 1 -437 1 -440 0
1 1 -438 1 -441 0
1 1 -442 1 -451 0
1 1 -443 1 -452 0
1 1 -444 1 -453 0
1 1 -442 1 -454 0
1 1 -443 1 -455 0
1 1 -444 1 -456 0
1 1 -448 1 -454 0
1 1 -449 1 -455 0
1 1 -450 1 -456 0
1 1 -448 1 -457 0
1 1 -449 1 -458 0
1 1 -450 1 -459 0
1 1 -451 1 -454 0
1 1 -452 1 -455 0
1 1 -453 1 -456 0
1 1 -454 1 -457 0
1 1 -455 1 -458 0
1 1 -456 1 -459 0
1 1 -460 1 -463 0
1 1 -461 1 -464 0
1 1 -462 1 -465 0
1 1 -460 1 -469 0
1 1 -461 1 -470 0
1 1 -462 1 -471 0
1 1 -463 1 -469 0
1 1 -464 1 -470 0
1 1 -465 1 -471 0
1 1 -472 1 -481 0
1 1 -473 1 -482 0
1 1 -474 1 -483 0
1 1 -472 1 -613 0
1 1 -473 1 -614 0
1 1 -474 1 -615 0
1 1 -475 1 -493 0
1 1 -476 1 -494 0
1 1 -477 1 -495 0
1 1 -475 1 -478 0
1 1 -476 1 -479 0
1 1 -477 1 -480 0
1 1 -478 1 -493 0
1 1 -479 1 -494 0
1 1 -480 1 -495 0
1 1 -481 1 -613 0
1 1 -482 1 -614 0
1 1 -483 1 -615 0
1 1 -484 1 -487 0
1 1 -485 1 -488 0
1 1 -486 1 -489 0
1 1 -484 1 -490 0
1 1 -485 1 -491 0
1 1 -486 1 -492 0
1 1 -484 1 -499 0
1 1 -485 1 -500 0
1 1 -486 1 -501 0
1 1 -487 1 -490 0
1 1 -488 1 -491 0
1 1 -489 1 -492 0
1 1 -496 1 -571 0
1 1 -497 1 -572 0
1 1 -498 1 -573 0
1 1 -496 1 -574 0
1 1 -497 1 -575 0
1 1 -498 1 -576 0
1 1 -499 1 -502 0
1 1 -500 1 -503 0
1 1 -501 1 -504 0
1 1 -499 1 -505 0
1 1 -500 1 -506 0
1 1 -501 1 -507 0
1 1 -502 1 -505 0
1 1 -503 1 -506 0
1 1 -504 1 -507 0
1 1 -508 1 -511 0
1 1 -509 1 -512 0
1 1 -510 1 -513 0
1 1 -508 1 -514 0
1 1 -509 1 -515 0
1 1 -510 1 -516 0
1 1 -508 1 -517 0
1 1 -509 1 -518 0
1 1 -510 1 -519 0
1 1 -508 1 -532 0
1 1 -509 1 -533 0
1 1 -510 1 -534 0
1 1 -511 1 -514 0
1 1 -512 1 -515 0
1 1 -513 1 -516 0
1 1 -517 1 -532 0
1 1 -518 1 -533 0
1 1 -519 1 -534 0
1 1 -523 1 -529 0
1 1 -524 1 -530 0
1 1 -525 1 -531 0
1 1 -523 1 -526 0
1 1 -524 1 -527 0
1 1 -525 1 -528 0
1 1 -526 1 -529 0
1 1 -527 1 -530 0
1 1 -528 1 -531 0
1 1 -541 1 -544 0
1 1 -542 1 -545 0
1 1 -543 1 -546 0
1 1 -541 1 -559 0
1 1 -542 1 -560 0
1 1 -543 1 -561 0
1 1 -544 1 -559 0
1 1 -545 1 -560 0
1 1 -546 1 -561 0
1 1 -547 1 -550 0
1 1 -548 1 -551 0
1 1 -549 1 -552 0
1 1 -547 1 -553 0
1 1 -548 1 -554 0
1 1 -549 1 -555 0
1 1 -550 1 -553 0
1 1 -551 1 -554 0
1 1 -552 1 -555 0
1 1 -559 1 -568 0
1 1 -560 1 -569 0
1 1 -561 1 -570 0
1 1 -562 1 -565 0
1 1 -563 1 -566 0
1 1 -564 1 -567 0
1 1 -562 1 -568 0
1 1 -563 1 -569 0
1 1 -564 1 -570 0
1 1 -565 1 -568 0
1 1 -566 1 -569 0
1 1 -567 1 -570 0
1 1 -571 1 -574 0
1 1 -572 1 -575 0
1 1 -573 1 -576 0
1 1 -574 1 -583 0
1 1 -575 1 -584 0
1 1 -576 1 -585 0
1 1 -577 1 -580 0
1 1 -578 1 -581 0
1 1 -579 1 -582 0
1 1 -577 1 -583 0
1 1 -578 1 -584 0
1 1 -579 1 -585 0
1 1 -580 1 -583 0
1 1 -581 1 -584 0
1 1 -582 1 -585 0
1 1 -586 1 -589 0
1 1 -587 1 -590 0
1 1 -588 1 -591 0
1 1 -586 1 -592 0
1 1 -587 1 -593 0
1 1 -588 1 -594 0
1 1 -589 1 -592 0
1 1 -590 1 -593 0
1 1 -591 1 -594 0
1 1 -595 1 -598 0
1 1 -596 1 -599 0
1 1 -597 1 -600 0
1 1 -601 1 -643 0
1 1 -602 1 -644 0
1 1 -603 1 -645 0
1 1 -601 1 -646 0
1 1 -602 1 -647 0
1 1 -603 1 -648 0
1 1 -604 1 -643 0
1 1 -605 1 -644 0
1 1 -606 1 -645 0
1 1 -607 1 -610 0
1 1 -608 1 -611 0
1 1 -609 1 -612 0
1 1 -607 1 -613 0
1 1 -608 1 -614 0
1 1 -609 1 -615 0
1 1 -610 1 -613 0
1 1 -611 1 -614 0
1 1 -612 1 -615 0
1 1 -616 1 -619 0
1 1 -617 1 -620 0
1 1 -618 1 -621 0
1 1 -616 1 -622 0
1 1 -617 1 -623 0
1 1 -618 1 -624 0
1 1 -619 1 -622 0
1 1 -620 1 -623 0
1 1 -621 1 -624 0
1 1 -625 1 -628 0
1 1 -626 1 -629 0
1 1 -627 1 -630 0
1 1 -625 1 -631 0
1 1 -626 1 -632 0
1 1 -627 1 -633 0
1 1 -625 1 -634 0
1 1 -626 1 -635 0
1 1 -627 1 -636 0
1 1 -628 1 -631 0
1 1 -629 1 -632 0
1 1 -630 1 -633 0
1 1 -634 1 -637 0
1 1 -635 1 -638 0
1 1 -636 1 -639 0
1 1 -634 1 -640 0
1 1 -635 1 -641 0
1 1 -636 1 -642 0
1 1 -637 1 -640 0
1 1 -638 1 -641 0
1 1 -639 1 -642 0
1 1 -643 1 -646 0
1 1 -644 1 -647 0
1 1 -645 1 -648 0
