p 2900 1182
1 +1 1 +1 2 +1 3 0
2 1 -1 1 -2 1 -3 0
1 +1 4 +1 5 +1 6 0
2 1 -4 1 -5 1 -6 0
1 +1 7 +1 8 +1 9 0
2 1 -7 1 -8 1 -9 0
1 +1 10 +1 11 +1 12 0
2 1 -10 1 -11 1 -12 0
1 +1 13 +1 14 +1 15 0
2 1 -13 1 -14 1 -15 0
1 +1 16 +1 17 +1 18 0
2 1 -16 1 -17 1 -18 0
1 +1 19 +1 20 +1 21 0
2 1 -19 1 -20 1 -21 0
1 +1 22 +1 23 +1 24 0
2 1 -22 1 -23 1 -24 0
1 +1 25 +1 26 +1 27 0
2 1 -25 1 -26 1 -27 0
1 +1 28 +1 29 +1 30 0
2 1 -28 1 -29 1 -30 0
1 +1 31 +1 32 +1 33 0
2 1 -31 1 -32 1 -33 0
1 +1 34 +1 35 +1 36 0
2 1 -34 1 -35 1 -36 0
1 +1 37 +1 38 +1 39 0
2 1 -37 1 -38 1 -39 0
1 +1 40 +1 41 +1 42 0
2 1 -40 1 -41 1 -42 0
1 +1 43 +1 44 +1 45 0
2 1 -43 1 -44 1 -45 0
1 +1 46 +1 47 +1 48 0
2 1 -46 1 -47 1 -48 0
1 +1 49 +1 50 +1 51 0
2 1 -49 1 -50 1 -51 0
1 +1 52 +1 53 +1 54 0
2 1 -52 1 -53 1 -54 0
1 +1 55 +1 56 +1 57 0
2 1 -55 1 -56 1 -57 0
1 +1 58 +1 59 +1 60 0
2 1 -58 1 -59 1 -60 0
1 +1 61 +1 62 +1 63 0
2 1 -61 1 -62 1 -63 0
1 +1 64 +1 65 +1 66 0
2 1 -64 1 -65 1 -66 0
1 +1 67 +1 68 +1 69 0
2 1 -67 1 -68 1 -69 0
1 +1 70 +1 71 +1 72 0
2 1 -70 1 -71 1 -72 0
1 +1 73 +1 74 +1 75 0
2 1 -73 1 -74 1 -75 0
1 +1 76 +1 77 +1 78 0
2 1 -76 1 -77 1 -78 0
1 +1 79 +1 80 +1 81 0
2 1 -79 1 -80 1 -81 0
1 +1 82 +1 83 +1 84 0
2 1 -82 1 -83 1 -84 0
1 +1 85 +1 86 +1 87 0
2 1 -85 1 -86 1 -87 0
1 +1 88 +1 89 +1 90 0
2 1 -88 1 -89 1 -90 0
1 +1 91 +1 92 +1 93 0
2 1 -91 1 -92 1 -93 0
1 +1 94 +1 95 +1 96 0
2 1 -94 1 -95 1 -96 0
1 +1 97 +1 98 +1 99 0
2 1 -97 1 -98 1 -99 0
1 +1 100 +1 101 +1 102 0
2 1 -100 1 -101 1 -102 0
1 +1 103 +1 104 +1 105 0
2 1 -103 1 -104 1 -105 0
1 +1 106 +1 107 +1 108 0
2 1 -106 1 -107 1 -108 0
1 +1 109 +1 110 +1 111 0
2 1 -109 1 -110 1 -111 0
1 +1 112 +1 113 +1 114 0
2 1 -112 1 -113 1 -114 0
1 +1 115 +1 116 +1 117 0
2 1 -115 1 -116 1 -117 0
1 +1 118 +1 119 +1 120 0
2 1 -118 1 -119 1 -120 0
1 +1 121 +1 122 +1 123 0
2 1 -121 1 -122 1 -123 0
1 +1 124 +1 125 +1 126 0
2 1 -124 1 -125 1 -126 0
1 +1 127 +1 128 +1 129 0
2 1 -127 1 -128 1 -129 0
1 +1 130 +1 131 +1 132 0
2 1 -130 1 -131 1 -132 0
1 +1 133 +1 134 +1 135 0
2 1 -133 1 -134 1 -135 0
1 +1 136 +1 137 +1 138 0
2 1 -136 1 -137 1 -138 0
1 +1 139 +1 140 +1 141 0
2 1 -139 1 -140 1 -141 0
1 +1 142 +1 143 +1 144 0
2 1 -142 1 -143 1 -144 0
1 +1 145 +1 146 +1 147 0
2 1 -145 1 -146 1 -147 0
1 +1 148 +1 149 +1 150 0
2 1 -148 1 -149 1 -150 0
1 +1 151 +1 152 +1 153 0
2 1 -151 1 -152 1 -153 0
1 +1 154 +1 155 +1 156 0
2 1 -154 1 -155 1 -156 0
1 +1 157 +1 158 +1 159 0
2 1 -157 1 -158 1 -159 0
1 +1 160 +1 161 +1 162 0
2 1 -160 1 -161 1 -162 0
1 +1 163 +1 164 +1 165 0
2 1 -163 1 -164 1 -165 0
1 +1 166 +1 167 +1 168 0
2 1 -166 1 -167 1 -168 0
1 +1 169 +1 170 +1 171 0
2 1 -169 1 -170 1 -171 0
1 +1 172 +1 173 +1 174 0
2 1 -172 1 -173 1 -174 0
1 +1 175 +1 176 +1 177 0
2 1 -175 1 -176 1 -177 0
1 +1 178 +1 179 +1 180 0
2 1 -178 1 -179 1 -180 0
1 +1 181 +1 182 +1 183 0
2 1 -181 1 -182 1 -183 0
1 +1 184 +1 185 +1 186 0
2 1 -184 1 -185 1 -186 0
1 +1 187 +1 188 +1 189 0
2 1 -187 1 -188 1 -189 0
1 +1 190 +1 191 +1 192 0
2 1 -190 1 -191 1 -192 0
1 +1 193 +1 194 +1 195 0
2 1 -193 1 -194 1 -195 0
1 +1 196 +1 197 +1 198 0
2 1 -196 1 -197 1 -198 0
1 +1 199 +1 200 +1 201 0
2 1 -199 1 -200 1 -201 0
1 +1 202 +1 203 +1 204 0
2 1 -202 1 -203 1 -204 0
1 +1 205 +1 206 +1 207 0
2 1 -205 1 -206 1 -207 0
1 +1 208 +1 209 +1 210 0
2 1 -208 1 -209 1 -210 0
1 +1 211 +1 212 +1 213 0
2 1 -211 1 -212 1 -213 0
1 +1 214 +1 215 +1 216 0
2 1 -214 1 -215 1 -216 0
1 +1 217 +1 218 +1 219 0
2 1 -217 1 -218 1 -219 0
1 +1 220 +1 221 +1 222 0
2 1 -220 1 -221 1 -222 0
1 +1 223 +1 224 +1 225 0
2 1 -223 1 -224 1 -225 0
1 +1 226 +1 227 +1 228 0
2 1 -226 1 -227 1 -228 0
1 +1 229 +1 230 +1 231 0
2 1 -229 1 -230 1 -231 0
1 +1 232 +1 233 +1 234 0
2 1 -232 1 -233 1 -234 0
1 +1 235 +1 236 +1 237 0
2 1 -235 1 -236 1 -237 0
1 +1 238 +1 239 +1 240 0
2 1 -238 1 -239 1 -240 0
1 +1 241 +1 242 +1 243 0
2 1 -241 1 -242 1 -243 0
1 +1 244 +1 245 +1 246 0
2 1 -244 1 -245 1 -246 0
1 +1 247 +1 248 +1 249 0
2 1 -247 1 -248 1 -249 0
1 +1 250 +1 251 +1 252 0
2 1 -250 1 -251 1 -252 0
1 +1 253 +1 254 +1 255 0
2 1 -253 1 -254 1 -255 0
1 +1 256 +1 257 +1 258 0
2 1 -256 1 -257 1 -258 0
1 +1 259 +1 260 +1 261 0
2 1 -259 1 -260 1 -261 0
1 +1 262 +1 263 +1 264 0
2 1 -262 1 -263 1 -264 0
1 +1 265 +1 266 +1 267 0
2 1 -265 1 -266 1 -267 0
1 +1 268 +1 269 +1 270 0
2 1 -268 1 -269 1 -270 0
1 +1 271 +1 272 +1 273 0
2 1 -271 1 -272 1 -273 0
1 +1 274 +1 275 +1 276 0
2 1 -274 1 -275 1 -276 0
1 +1 277 +1 278 +1 279 0
2 1 -277 1 -278 1 -279 0
1 +1 280 +1 281 +1 282 0
2 1 -280 1 -281 1 -282 0
1 +1 283 +1 284 +1 285 0
2 1 -283 1 -284 1 -285 0
1 +1 286 +1 287 +1 288 0
2 1 -286 1 -287 1 -288 0
1 +1 289 +1 290 +1 291 0
2 1 -289 1 -290 1 -291 0
1 +1 292 +1 293 +1 294 0
2 1 -292 1 -293 1 -294 0
1 +1 295 +1 296 +1 297 0
2 1 -295 1 -296 1 -297 0
1 +1 298 +1 299 +1 300 0
2 1 -298 1 -299 1 -300 0
1 +1 301 +1 302 +1 303 0
2 1 -301 1 -302 1 -303 0
1 +1 304 +1 305 +1 306 0
2 1 -304 1 -305 1 -306 0
1 +1 307 +1 308 +1 309 0
2 1 -307 1 -308 1 -309 0
1 +1 310 +1 311 +1 312 0
2 1 -310 1 -311 1 -312 0
1 +1 313 +1 314 +1 315 0
2 1 -313 1 -314 1 -315 0
1 +1 316 +1 317 +1 318 0
2 1 -316 1 -317 1 -318 0
1 +1 319 +1 320 +1 321 0
2 1 -319 1 -320 1 -321 0
1 +1 322 +1 323 +1 324 0
2 1 -322 1 -323 1 -324 0
1 +1 325 +1 326 +1 327 0
2 1 -325 1 -326 1 -327 0
1 +1 328 +1 329 +1 330 0
2 1 -328 1 -329 1 -330 0
1 +1 331 +1 332 +1 333 0
2 1 -331 1 -332 1 -333 0
1 +1 334 +1 335 +1 336 0
2 1 -334 1 -335 1 -336 0
1 +1 337 +1 338 +1 339 0
2 1 -337 1 -338 1 -339 0
1 +1 340 +1 341 +1 342 0
2 1 -340 1 -341 1 -342 0
1 +1 343 +1 344 +1 345 0
2 1 -343 1 -344 1 -345 0
1 +1 346 +1 347 +1 348 0
2 1 -346 1 -347 1 -348 0
1 +1 349 +1 350 +1 351 0
2 1 -349 1 -350 1 -351 0
1 +1 352 +1 353 +1 354 0
2 1 -352 1 -353 1 -354 0
1 +1 355 +1 356 +1 357 0
2 1 -355 1 -356 1 -357 0
1 +1 358 +1 359 +1 360 0
2 1 -358 1 -359 1 -360 0
1 +1 361 +1 362 +1 363 0
2 1 -361 1 -362 1 -363 0
1 +1 364 +1 365 +1 366 0
2 1 -364 1 -365 1 -366 0
1 +1 367 +1 368 +1 369 0
2 1 -367 1 -368 1 -369 0
1 +1 370 +1 371 +1 372 0
2 1 -370 1 -371 1 -372 0
1 +1 373 +1 374 +1 375 0
2 1 -373 1 -374 1 -375 0
1 +1 376 +1 377 +1 378 0
2 1 -376 1 -377 1 -378 0
1 +1 379 +1 380 +1 381 0
2 1 -379 1 -380 1 -381 0
1 +1 382 +1 383 +1 384 0
2 1 -382 1 -383 1 -384 0
1 +1 385 +1 386 +1 387 0
2 1 -385 1 -386 1 -387 0
1 +1 388 +1 389 +1 390 0
2 1 -388 1 -389 1 -390 0
1 +1 391 +1 392 +1 393 0
2 1 -391 1 -392 1 -393 0
1 +1 394 +1 395 +1 396 0
2 1 -394 1 -395 1 -396 0
1 +1 397 +1 398 +1 399 0
2 1 -397 1 -398 1 -399 0
1 +1 400 +1 401 +1 402 0
2 1 -400 1 -401 1 -402 0
1 +1 403 +1 404 +1 405 0
2 1 -403 1 -404 1 -405 0
1 +1 406 +1 407 +1 408 0
2 1 -406 1 -407 1 -408 0
1 +1 409 +1 410 +1 411 0
2 1 -409 1 -410 1 -411 0
1 +1 412 +1 413 +1 414 0
2 1 -412 1 -413 1 -414 0
1 +1 415 +1 416 +1 417 0
2 1 -415 1 -416 1 -417 0
1 +1 418 +1 419 +1 420 0
2 1 -418 1 -419 1 -420 0
1 +1 421 +1 422 +1 423 0
2 1 -421 1 -422 1 -423 0
1 +1 424 +1 425 +1 426 0
2 1 -424 1 -425 1 -426 0
1 +1 427 +1 428 +1 429 0
2 1 -427 1 -428 1 -429 0
1 +1 430 +1 431 +1 432 0
2 1 -430 1 -431 1 -432 0
1 +1 433 +1 434 +1 435 0
2 1 -433 1 -434 1 -435 0
1 +1 436 +1 437 +1 438 0
2 1 -436 1 -437 1 -438 0
1 +1 439 +1 440 +1 441 0
2 1 -439 1 -440 1 -441 0
1 +1 442 +1 443 +1 444 0
2 1 -442 1 -443 1 -444 0
1 +1 445 +1 446 +1 447 0
2 1 -445 1 -446 1 -447 0
1 +1 448 +1 449 +1 450 0
2 1 -448 1 -449 1 -450 0
1 +1 451 +1 452 +1 453 0
2 1 -451 1 -452 1 -453 0
1 +1 454 +1 455 +1 456 0
2 1 -454 1 -455 1 -456 0
1 +1 457 +1 458 +1 459 0
2 1 -457 1 -458 1 -459 0
1 +1 460 +1 461 +1 462 0
2 1 -460 1 -461 1 -462 0
1 +1 463 +1 464 +1 465 0
2 1 -463 1 -464 1 -465 0
1 +1 466 +1 467 +1 468 0
2 1 -466 1 -467 1 -468 0
1 +1 469 +1 470 +1 471 0
2 1 -469 1 -470 1 -471 0
1 +1 472 +1 473 +1 474 0
2 1 -472 1 -473 1 -474 0
1 +1 475 +1 476 +1 477 0
2 1 -475 1 -476 1 -477 0
1 +1 478 +1 479 +1 480 0
2 1 -478 1 -479 1 -480 0
1 +1 481 +1 482 +1 483 0
2 1 -481 1 -482 1 -483 0
1 +1 484 +1 485 +1 486 0
2 1 -484 1 -485 1 -486 0
1 +1 487 +1 488 +1 489 0
2 1 -487 1 -488 1 -489 0
1 +1 490 +1 491 +1 492 0
2 1 -490 1 -491 1 -492 0
1 +1 493 +1 494 +1 495 0
2 1 -493 1 -494 1 -495 0
1 +1 496 +1 497 +1 498 0
2 1 -496 1 -497 1 -498 0
1 +1 499 +1 500 +1 501 0
2 1 -499 1 -500 1 -501 0
1 +1 502 +1 503 +1 504 0
2 1 -502 1 -503 1 -504 0
1 +1 505 +1 506 +1 507 0
2 1 -505 1 -506 1 -507 0
1 +1 508 +1 509 +1 510 0
2 1 -508 1 -509 1 -510 0
1 +1 511 +1 512 +1 513 0
2 1 -511 1 -512 1 -513 0
1 +1 514 +1 515 +1 516 0
2 1 -514 1 -515 1 -516 0
1 +1 517 +1 518 +1 519 0
2 1 -517 1 -518 1 -519 0
1 +1 520 +1 521 +1 522 0
2 1 -520 1 -521 1 -522 0
1 +1 523 +1 524 +1 525 0
2 1 -523 1 -524 1 -525 0
1 +1 526 +1 527 +1 528 0
2 1 -526 1 -527 1 -528 0
1 +1 529 +1 530 +1 531 0
2 1 -529 1 -530 1 -531 0
1 +1 532 +1 533 +1 534 0
2 1 -532 1 -533 1 -534 0
1 +1 535 +1 536 +1 537 0
2 1 -535 1 -536 1 -537 0
1 +1 538 +1 539 +1 540 0
2 1 -538 1 -539 1 -540 0
1 +1 541 +1 542 +1 543 0
2 1 -541 1 -542 1 -543 0
1 +1 544 +1 545 +1 546 0
2 1 -544 1 -545 1 -546 0
1 +1 547 +1 548 +1 549 0
2 1 -547 1 -548 1 -549 0
1 +1 550 +1 551 +1 552 0
2 1 -550 1 -551 1 -552 0
1 +1 553 +1 554 +1 555 0
2 1 -553 1 -554 1 -555 0
1 +1 556 +1 557 +1 558 0
2 1 -556 1 -557 1 -558 0
1 +1 559 +1 560 +1 561 0
2 1 -559 1 -560 1 -561 0
1 +1 562 +1 563 +1 564 0
2 1 -562 1 -563 1 -564 0
1 +1 565 +1 566 +1 567 0
2 1 -565 1 -566 1 -567 0
1 +1 568 +1 569 +1 570 0
2 1 -568 1 -569 1 -570 0
1 +1 571 +1 572 +1 573 0
2 1 -571 1 -572 1 -573 0
1 +1 574 +1 575 +1 576 0
2 1 -574 1 -575 1 -576 0
1 +1 577 +1 578 +1 579 0
2 1 -577 1 -578 1 -579 0
1 +1 580 +1 581 +1 582 0
2 1 -580 1 -581 1 -582 0
1 +1 583 +1 584 +1 585 0
2 1 -583 1 -584 1 -585 0
1 +1 586 +1 587 +1 588 0
2 1 -586 1 -587 1 -588 0
1 +1 589 +1 590 +1 591 0
2 1 -589 1 -590 1 -591 0
1 +1 592 +1 593 +1 594 0
2 1 -592 1 -593 1 -594 0
1 +1 595 +1 596 +1 597 0
2 1 -595 1 -596 1 -597 0
1 +1 598 +1 599 +1 600 0
2 1 -598 1 -599 1 -600 0
1 +1 601 +1 602 +1 603 0
2 1 -601 1 -602 1 -603 0
1 +1 604 +1 605 +1 606 0
2 1 -604 1 -605 1 -606 0
1 +1 607 +1 608 +1 609 0
2 1 -607 1 -608 1 -609 0
1 +1 610 +1 611 +1 612 0
2 1 -610 1 -611 1 -612 0
1 +1 613 +1 614 +1 615 0
2 1 -613 1 -614 1 -615 0
1 +1 616 +1 617 +1 618 0
2 1 -616 1 -617 1 -618 0
1 +1 619 +1 620 +1 621 0
2 1 -619 1 -620 1 -621 0
1 +1 622 +1 623 +1 624 0
2 1 -622 1 -623 1 -624 0
1 +1 625 +1 626 +1 627 0
2 1 -625 1 -626 1 -627 0
1 +1 628 +1 629 +1 630 0
2 1 -628 1 -629 1 -630 0
1 +1 631 +1 632 +1 633 0
2 1 -631 1 -632 1 -633 0
1 +1 634 +1 635 +1 636 0
2 1 -634 1 -635 1 -636 0
1 +1 637 +1 638 +1 639 0
2 1 -637 1 -638 1 -639 0
1 +1 640 +1 641 +1 642 0
2 1 -640 1 -641 1 -642 0
1 +1 643 +1 644 +1 645 0
2 1 -643 1 -644 1 -645 0
1 +1 646 +1 647 +1 648 0
2 1 -646 1 -647 1 -648 0
1 +1 649 +1 650 +1 651 0
2 1 -649 1 -650 1 -651 0
1 +1 652 +1 653 +1 654 0
2 1 -652 1 -653 1 -654 0
1 +1 655 +1 656 +1 657 0
2 1 -655 1 -656 1 -657 0
1 +1 658 +1 659 +1 660 0
2 1 -658 1 -659 1 -660 0
1 +1 661 +1 662 +1 663 0
2 1 -661 1 -662 1 -663 0
1 +1 664 +1 665 +1 666 0
2 1 -664 1 -665 1 -666 0
1 +1 667 +1 668 +1 669 0
2 1 -667 1 -668 1 -669 0
1 +1 670 +1 671 +1 672 0
2 1 -670 1 -671 1 -672 0
1 +1 673 +1 674 +1 675 0
2 1 -673 1 -674 1 -675 0
1 +1 676 +1 677 +1 678 0
2 1 -676 1 -677 1 -678 0
1 +1 679 +1 680 +1 681 0
2 1 -679 1 -680 1 -681 0
1 +1 682 +1 683 +1 684 0
2 1 -682 1 -683 1 -684 0
1 +1 685 +1 686 +1 687 0
2 1 -685 1 -686 1 -687 0
1 +1 688 +1 689 +1 690 0
2 1 -688 1 -689 1 -690 0
1 +1 691 +1 692 +1 693 0
2 1 -691 1 -692 1 -693 0
1 +1 694 +1 695 +1 696 0
2 1 -694 1 -695 1 -696 0
1 +1 697 +1 698 +1 699 0
2 1 -697 1 -698 1 -699 0
1 +1 700 +1 701 +1 702 0
2 1 -700 1 -701 1 -702 0
1 +1 703 +1 704 +1 705 0
2 1 -703 1 -704 1 -705 0
1 +1 706 +1 707 +1 708 0
2 1 -706 1 -707 1 -708 0
1 +1 709 +1 710 +1 711 0
2 1 -709 1 -710 1 -711 0
1 +1 712 +1 713 +1 714 0
2 1 -712 1 -713 1 -714 0
1 +1 715 +1 716 +1 717 0
2 1 -715 1 -716 1 -717 0
1 +1 718 +1 719 +1 720 0
2 1 -718 1 -719 1 -720 0
1 +1 721 +1 722 +1 723 0
2 1 -721 1 -722 1 -723 0
1 +1 724 +1 725 +1 726 0
2 1 -724 1 -725 1 -726 0
1 +1 727 +1 728 +1 729 0
2 1 -727 1 -728 1 -729 0
1 +1 730 +1 731 +1 732 0
2 1 -730 1 -731 1 -732 0
1 +1 733 +1 734 +1 735 0
2 1 -733 1 -734 1 -735 0
1 +1 736 +1 737 +1 738 0
2 1 -736 1 -737 1 -738 0
1 +1 739 +1 740 +1 741 0
2 1 -739 1 -740 1 -741 0
1 +1 742 +1 743 +1 744 0
2 1 -742 1 -743 1 -744 0
1 +1 745 +1 746 +1 747 0
2 1 -745 1 -746 1 -747 0
1 +1 748 +1 749 +1 750 0
2 1 -748 1 -749 1 -750 0
1 +1 751 +1 752 +1 753 0
2 1 -751 1 -752 1 -753 0
1 +1 754 +1 755 +1 756 0
2 1 -754 1 -755 1 -756 0
1 +1 757 +1 758 +1 759 0
2 1 -757 1 -758 1 -759 0
1 +1 760 +1 761 +1 762 0
2 1 -760 1 -761 1 -762 0
1 +1 763 +1 764 +1 765 0
2 1 -763 1 -764 1 -765 0
1 +1 766 +1 767 +1 768 0
2 1 -766 1 -767 1 -768 0
1 +1 769 +1 770 +1 771 0
2 1 -769 1 -770 1 -771 0
1 +1 772 +1 773 +1 774 0
2 1 -772 1 -773 1 -774 0
1 +1 775 +1 776 +1 777 0
2 1 -775 1 -776 1 -777 0
1 +1 778 +1 779 +1 780 0
2 1 -778 1 -779 1 -780 0
1 +1 781 +1 782 +1 783 0
2 1 -781 1 -782 1 -783 0
1 +1 784 +1 785 +1 786 0
2 1 -784 1 -785 1 -786 0
1 +1 787 +1 788 +1 789 0
2 1 -787 1 -788 1 -789 0
1 +1 790 +1 791 +1 792 0
2 1 -790 1 -791 1 -792 0
1 +1 793 +1 794 +1 795 0
2 1 -793 1 -794 1 -795 0
1 +1 796 +1 797 +1 798 0
2 1 -796 1 -797 1 -798 0
1 +1 799 +1 800 +1 801 0
2 1 -799 1 -800 1 -801 0
1 +1 802 +1 803 +1 804 0
2 1 -802 1 -803 1 -804 0
1 +1 805 +1 806 +1 807 0
2 1 -805 1 -806 1 -807 0
1 +1 808 +1 809 +1 810 0
2 1 -808 1 -809 1 -810 0
1 +1 811 +1 812 +1 813 0
2 1 -811 1 -812 1 -813 0
1 +1 814 +1 815 +1 816 0
2 1 -814 1 -815 1 -816 0
1 +1 817 +1 818 +1 819 0
2 1 -817 1 -818 1 -819 0
1 +1 820 +1 821 +1 822 0
2 1 -820 1 -821 1 -822 0
1 +1 823 +1 824 +1 825 0
2 1 -823 1 -824 1 -825 0
1 +1 826 +1 827 +1 828 0
2 1 -826 1 -827 1 -828 0
1 +1 829 +1 830 +1 831 0
2 1 -829 1 -830 1 -831 0
1 +1 832 +1 833 +1 834 0
2 1 -832 1 -833 1 -834 0
1 +1 835 +1 836 +1 837 0
2 1 -835 1 -836 1 -837 0
1 +1 838 +1 839 +1 840 0
2 1 -838 1 -839 1 -840 0
1 +1 841 +1 842 +1 843 0
2 1 -841 1 -842 1 -843 0
1 +1 844 +1 845 +1 846 0
2 1 -844 1 -845 1 -846 0
1 +1 847 +1 848 +1 849 0
2 1 -847 1 -848 1 -849 0
1 +1 850 +1 851 +1 852 0
2 1 -850 1 -851 1 -852 0
1 +1 853 +1 854 +1 855 0
2 1 -853 1 -854 1 -855 0
1 +1 856 +1 857 +1 858 0
2 1 -856 1 -857 1 -858 0
1 +1 859 +1 860 +1 861 0
2 1 -859 1 -860 1 -861 0
1 +1 862 +1 863 +1 864 0
2 1 -862 1 -863 1 -864 0
1 +1 865 +1 866 +1 867 0
2 1 -865 1 -866 1 -867 0
1 +1 868 +1 869 +1 870 0
2 1 -868 1 -869 1 -870 0
1 +1 871 +1 872 +1 873 0
2 1 -871 1 -872 1 -873 0
1 +1 874 +1 875 +1 876 0
2 1 -874 1 -875 1 -876 0
1 +1 877 +1 878 +1 879 0
2 1 -877 1 -878 1 -879 0
1 +1 880 +1 881 +1 882 0
2 1 -880 1 -881 1 -882 0
1 +1 883 +1 884 +1 885 0
2 1 -883 1 -884 1 -885 0
1 +1 886 +1 887 +1 888 0
2 1 -886 1 -887 1 -888 0
1 +1 889 +1 890 +1 891 0
2 1 -889 1 -890 1 -891 0
1 +1 892 +1 893 +1 894 0
2 1 -892 1 -893 1 -894 0
1 +1 895 +1 896 +1 897 0
2 1 -895 1 -896 1 -897 0
1 +1 898 +1 899 +1 900 0
2 1 -898 1 -899 1 -900 0
1 +1 901 +1 902 +1 903 0
2 1 -901 1 -902 1 -903 0
1 +1 904 +1 905 +1 906 0
2 1 -904 1 -905 1 -906 0
1 +1 907 +1 908 +1 909 0
2 1 -907 1 -908 1 -909 0
1 +1 910 +1 911 +1 912 0
2 1 -910 1 -911 1 -912 0
1 +1 913 +1 914 +1 915 0
2 1 -913 1 -914 1 -915 0
1 +1 916 +1 917 +1 918 0
2 1 -916 1 -917 1 -918 0
1 +1 919 +1 920 +1 921 0
2 1 -919 1 -920 1 -921 0
1 +1 922 +1 923 +1 924 0
2 1 -922 1 -923 1 -924 0
1 +1 925 +1 926 +1 927 0
2 1 -925 1 -926 1 -927 0
1 +1 928 +1 929 +1 930 0
2 1 -928 1 -929 1 -930 0
1 +1 931 +1 932 +1 933 0
2 1 -931 1 -932 1 -933 0
1 +1 934 +1 935 +1 936 0
2 1 -934 1 -935 1 -936 0
1 +1 937 +1 938 +1 939 0
2 1 -937 1 -938 1 -939 0
1 +1 940 +1 941 +1 942 0
2 1 -940 1 -941 1 -942 0
1 +1 943 +1 944 +1 945 0
2 1 -943 1 -944 1 -945 0
1 +1 946 +1 947 +1 948 0
2 1 -946 1 -947 1 -948 0
1 +1 949 +1 950 +1 951 0
2 1 -949 1 -950 1 -951 0
1 +1 952 +1 953 +1 954 0
2 1 -952 1 -953 1 -954 0
1 +1 955 +1 956 +1 957 0
2 1 -955 1 -956 1 -957 0
1 +1 958 +1 959 +1 960 0
2 1 -958 1 -959 1 -960 0
1 +1 961 +1 962 +1 963 0
2 1 -961 1 -962 1 -963 0
1 +1 964 +1 965 +1 966 0
2 1 -964 1 -965 1 -966 0
1 +1 967 +1 968 +1 969 0
2 1 -967 1 -968 1 -969 0
1 +1 970 +1 971 +1 972 0
2 1 -970 1 -971 1 -972 0
1 +1 973 +1 974 +1 975 0
2 1 -973 1 -974 1 -975 0
1 +1 976 +1 977 +1 978 0
2 1 -976 1 -977 1 -978 0
1 +1 979 +1 980 +1 981 0
2 1 -979 1 -980 1 -981 0
1 +1 982 +1 983 +1 984 0
2 1 -982 1 -983 1 -984 0
1 +1 985 +1 986 +1 987 0
2 1 -985 1 -986 1 -987 0
1 +1 988 +1 989 +1 990 0
2 1 -988 1 -989 1 -990 0
1 +1 991 +1 992 +1 993 0
2 1 -991 1 -992 1 -993 0
1 +1 994 +1 995 +1 996 0
2 1 -994 1 -995 1 -996 0
1 +1 997 +1 998 +1 999 0
2 1 -997 1 -998 1 -999 0
1 +1 1000 +1 1001 +1 1002 0
2 1 -1000 1 -1001 1 -1002 0
1 +1 1003 +1 1004 +1 1005 0
2 1 -1003 1 -1004 1 -1005 0
1 +1 1006 +1 1007 +1 1008 0
2 1 -1006 1 -1007 1 -1008 0
1 +1 1009 +1 1010 +1 1011 0
2 1 -1009 1 -1010 1 -1011 0
1 +1 1012 +1 1013 +1 1014 0
2 1 -1012 1 -1013 1 -1014 0
1 +1 1015 +1 1016 +1 1017 0
2 1 -1015 1 -1016 1 -1017 0
1 +1 1018 +1 1019 +1 1020 0
2 1 -1018 1 -1019 1 -1020 0
1 +1 1021 +1 1022 +1 1023 0
2 1 -1021 1 -1022 1 -1023 0
1 +1 1024 +1 1025 +1 1026 0
2 1 -1024 1 -1025 1 -1026 0
1 +1 1027 +1 1028 +1 1029 0
2 1 -1027 1 -1028 1 -1029 0
1 +1 1030 +1 1031 +1 1032 0
2 1 -1030 1 -1031 1 -1032 0
1 +1 1033 +1 1034 +1 1035 0
2 1 -1033 1 -1034 1 -1035 0
1 +1 1036 +1 1037 +1 1038 0
2 1 -1036 1 -1037 1 -1038 0
1 +1 1039 +1 1040 +1 1041 0
2 1 -1039 1 -1040 1 -1041 0
1 +1 1042 +1 1043 +1 1044 0
2 1 -1042 1 -1043 1 -1044 0
1 +1 1045 +1 1046 +1 1047 0
2 1 -1045 1 -1046 1 -1047 0
1 +1 1048 +1 1049 +1 1050 0
2 1 -1048 1 -1049 1 -1050 0
1 +1 1051 +1 1052 +1 1053 0
2 1 -1051 1 -1052 1 -1053 0
1 +1 1054 +1 1055 +1 1056 0
2 1 -1054 1 -1055 1 -1056 0
1 +1 1057 +1 1058 +1 1059 0
2 1 -1057 1 -1058 1 -1059 0
1 +1 1060 +1 1061 +1 1062 0
2 1 -1060 1 -1061 1 -1062 0
1 +1 1063 +1 1064 +1 1065 0
2 1 -1063 1 -1064 1 -1065 0
1 +1 1066 +1 1067 +1 1068 0
2 1 -1066 1 -1067 1 -1068 0
1 +1 1069 +1 1070 +1 1071 0
2 1 -1069 1 -1070 1 -1071 0
1 +1 1072 +1 1073 +1 1074 0
2 1 -1072 1 -1073 1 -1074 0
1 +1 1075 +1 1076 +1 1077 0
2 1 -1075 1 -1076 1 -1077 0
1 +1 1078 +1 1079 +1 1080 0
2 1 -1078 1 -1079 1 -1080 0
1 +1 1081 +1 1082 +1 1083 0
2 1 -1081 1 -1082 1 -1083 0
1 +1 1084 +1 1085 +1 1086 0
2 1 -1084 1 -1085 1 -1086 0
1 +1 1087 +1 1088 +1 1089 0
2 1 -1087 1 -1088 1 -1089 0
1 +1 1090 +1 1091 +1 1092 0
2 1 -1090 1 -1091 1 -1092 0
1 +1 1093 +1 1094 +1 1095 0
2 1 -1093 1 -1094 1 -1095 0
1 +1 1096 +1 1097 +1 1098 0
2 1 -1096 1 -1097 1 -1098 0
1 +1 1099 +1 1100 +1 1101 0
2 1 -1099 1 -1100 1 -1101 0
1 +1 1102 +1 1103 +1 1104 0
2 1 -1102 1 -1103 1 -1104 0
1 +1 1105 +1 1106 +1 1107 0
2 1 -1105 1 -1106 1 -1107 0
1 +1 1108 +1 1109 +1 1110 0
2 1 -1108 1 -1109 1 -1110 0
1 +1 1111 +1 1112 +1 1113 0
2 1 -1111 1 -1112 1 -1113 0
1 +1 1114 +1 1115 +1 1116 0
2 1 -1114 1 -1115 1 -1116 0
1 +1 1117 +1 1118 +1 1119 0
2 1 -1117 1 -1118 1 -1119 0
1 +1 1120 +1 1121 +1 1122 0
2 1 -1120 1 -1121 1 -1122 0
1 +1 1123 +1 1124 +1 1125 0
2 1 -1123 1 -1124 1 -1125 0
1 +1 1126 +1 1127 +1 1128 0
2 1 -1126 1 -1127 1 -1128 0
1 +1 1129 +1 1130 +1 1131 0
2 1 -1129 1 -1130 1 -1131 0
1 +1 1132 +1 1133 +1 1134 0
2 1 -1132 1 -1133 1 -1134 0
1 +1 1135 +1 1136 +1 1137 0
2 1 -1135 1 -1136 1 -1137 0
1 +1 1138 +1 1139 +1 1140 0
2 1 -1138 1 -1139 1 -1140 0
1 +1 1141 +1 1142 +1 1143 0
2 1 -1141 1 -1142 1 -1143 0
1 +1 1144 +1 1145 +1 1146 0
2 1 -1144 1 -1145 1 -1146 0
1 +1 1147 +1 1148 +1 1149 0
2 1 -1147 1 -1148 1 -1149 0
1 +1 1150 +1 1151 +1 1152 0
2 1 -1150 1 -1151 1 -1152 0
1 +1 1153 +1 1154 +1 1155 0
2 1 -1153 1 -1154 1 -1155 0
1 +1 1156 +1 1157 +1 1158 0
2 1 -1156 1 -1157 1 -1158 0
1 +1 1159 +1 1160 +1 1161 0
2 1 -1159 1 -1160 1 -1161 0
1 +1 1162 +1 1163 +1 1164 0
2 1 -1162 1 -1163 1 -1164 0
1 +1 1165 +1 1166 +1 1167 0
2 1 -1165 1 -1166 1 -1167 0
1 +1 1168 +1 1169 +1 1170 0
2 1 -1168 1 -1169 1 -1170 0
1 +1 1171 +1 1172 +1 1173 0
2 1 -1171 1 -1172 1 -1173 0
1 +1 1174 +1 1175 +1 1176 0
2 1 -1174 1 -1175 1 -1176 0
1 +1 1177 +1 1178 +1 1179 0
2 1 -1177 1 -1178 1 -1179 0
1 +1 1180 +1 1181 +1 1182 0
2 1 -1180 1 -1181 1 -1182 0
1 1 -1 1 -637 0
1 1 -2 1 -638 0
1 1 -3 1 -639 0
1 1 -1 1 -859 0
1 1 -2 1 -860 0
1 1 -3 1 -861 0
1 1 -1 1 -790 0
1 1 -2 1 -791 0
1 1 -3 1 -792 0
1 1 -1 1 -1141 0
1 1 -2 1 -1142 0
1 1 -3 1 -1143 0
1 1 -1 1 -796 0
1 1 -2 1 -797 0
1 1 -3 1 -798 0
1 1 -1 1 -157 0
1 1 -2 1 -158 0
1 1 -3 1 -159 0
1 1 -1 1 -916 0
1 1 -2 1 -917 0
1 1 -3 1 -918 0
1 1 -1 1 -172 0
1 1 -2 1 -173 0
1 1 -3 1 -174 0
1 1 -4 1 -724 0
1 1 -5 1 -725 0
1 1 -6 1 -726 0
1 1 -4 1 -391 0
1 1 -5 1 -392 0
1 1 -6 1 -393 0
1 1 -4 1 -97 0
1 1 -5 1 -98 0
1 1 -6 1 -99 0
1 1 -4 1 -223 0
1 1 -5 1 -224 0
1 1 -6 1 -225 0
1 1 -4 1 -418 0
1 1 -5 1 -419 0
1 1 -6 1 -420 0
1 1 -4 1 -955 0
1 1 -5 1 -956 0
1 1 -6 1 -957 0
1 1 -7 1 -697 0
1 1 -8 1 -698 0
1 1 -9 1 -699 0
1 1 -7 1 -268 0
1 1 -8 1 -269 0
1 1 -9 1 -270 0
1 1 -7 1 -1081 0
1 1 -8 1 -1082 0
1 1 -9 1 -1083 0
1 1 -7 1 -1024 0
1 1 -8 1 -1025 0
1 1 -9 1 -1026 0
1 1 -7 1 -301 0
1 1 -8 1 -302 0
1 1 -9 1 -303 0
1 1 -7 1 -316 0
1 1 -8 1 -317 0
1 1 -9 1 -318 0
1 1 -10 1 -88 0
1 1 -11 1 -89 0
1 1 -12 1 -90 0
1 1 -10 1 -409 0
1 1 -11 1 -410 0
1 1 -12 1 -411 0
1 1 -10 1 -862 0
1 1 -11 1 -863 0
1 1 -12 1 -864 0
1 1 -10 1 -667 0
1 1 -11 1 -668 0
1 1 -12 1 -669 0
1 1 -10 1 -229 0
1 1 -11 1 -230 0
1 1 -12 1 -231 0
1 1 -10 1 -538 0
1 1 -11 1 -539 0
1 1 -12 1 -540 0
1 1 -13 1 -877 0
1 1 -14 1 -878 0
1 1 -15 1 -879 0
1 1 -13 1 -400 0
1 1 -14 1 -401 0
1 1 -15 1 -402 0
1 1 -13 1 -130 0
1 1 -14 1 -131 0
1 1 -15 1 -132 0
1 1 -13 1 -523 0
1 1 -14 1 -524 0
1 1 -15 1 -525 0
1 1 -13 1 -247 0
1 1 -14 1 -248 0
1 1 -15 1 -249 0
1 1 -13 1 -307 0
1 1 -14 1 -308 0
1 1 -15 1 -309 0
1 1 -13 1 -1120 0
1 1 -14 1 -1121 0
1 1 -15 1 -1122 0
1 1 -16 1 -967 0
1 1 -17 1 -968 0
1 1 -18 1 -969 0
1 1 -16 1 -982 0
1 1 -17 1 -983 0
1 1 -18 1 -984 0
1 1 -16 1 -484 0
1 1 -17 1 -485 0
1 1 -18 1 -486 0
1 1 -16 1 -277 0
1 1 -17 1 -278 0
1 1 -18 1 -279 0
1 1 -16 1 -295 0
1 1 -17 1 -296 0
1 1 -18 1 -297 0
1 1 -16 1 -490 0
1 1 -17 1 -491 0
1 1 -18 1 -492 0
1 1 -19 1 -238 0
1 1 -20 1 -239 0
1 1 -21 1 -240 0
1 1 -19 1 -610 0
1 1 -20 1 -611 0
1 1 -21 1 -612 0
1 1 -19 1 -616 0
1 1 -20 1 -617 0
1 1 -21 1 -618 0
1 1 -19 1 -262 0
1 1 -20 1 -263 0
1 1 -21 1 -264 0
1 1 -19 1 -499 0
1 1 -20 1 -500 0
1 1 -21 1 -501 0
1 1 -19 1 -778 0
1 1 -20 1 -779 0
1 1 -21 1 -780 0
1 1 -22 1 -661 0
1 1 -23 1 -662 0
1 1 -24 1 -663 0
1 1 -22 1 -73 0
1 1 -23 1 -74 0
1 1 -24 1 -75 0
1 1 -22 1 -682 0
1 1 -23 1 -683 0
1 1 -24 1 -684 0
1 1 -22 1 -817 0
1 1 -23 1 -818 0
1 1 -24 1 -819 0
1 1 -22 1 -574 0
1 1 -23 1 -575 0
1 1 -24 1 -576 0
1 1 -22 1 -346 0
1 1 -23 1 -347 0
1 1 -24 1 -348 0
1 1 -22 1 -808 0
1 1 -23 1 -809 0
1 1 -24 1 -810 0
1 1 -25 1 -997 0
1 1 -26 1 -998 0
1 1 -27 1 -999 0
1 1 -25 1 -757 0
1 1 -26 1 -758 0
1 1 -27 1 -759 0
1 1 -25 1 -1027 0
1 1 -26 1 -1028 0
1 1 -27 1 -1029 0
1 1 -25 1 -775 0
1 1 -26 1 -776 0
1 1 -27 1 -777 0
1 1 -25 1 -343 0
1 1 -26 1 -344 0
1 1 -27 1 -345 0
1 1 -25 1 -181 0
1 1 -26 1 -182 0
1 1 -27 1 -183 0
1 1 -28 1 -880 0
1 1 -29 1 -881 0
1 1 -30 1 -882 0
1 1 -28 1 -124 0
1 1 -29 1 -125 0
1 1 -30 1 -126 0
1 1 -28 1 -631 0
1 1 -29 1 -632 0
1 1 -30 1 -633 0
1 1 -28 1 -175 0
1 1 -29 1 -176 0
1 1 -30 1 -177 0
1 1 -28 1 -550 0
1 1 -29 1 -551 0
1 1 -30 1 -552 0
1 1 -28 1 -190 0
1 1 -29 1 -191 0
1 1 -30 1 -192 0
1 1 -28 1 -838 0
1 1 -29 1 -839 0
1 1 -30 1 -840 0
1 1 -31 1 -91 0
1 1 -32 1 -92 0
1 1 -33 1 -93 0
1 1 -31 1 -370 0
1 1 -32 1 -371 0
1 1 -33 1 -372 0
1 1 -31 1 -1114 0
1 1 -32 1 -1115 0
1 1 -33 1 -1116 0
1 1 -31 1 -436 0
1 1 -32 1 -437 0
1 1 -33 1 -438 0
1 1 -31 1 -922 0
1 1 -32 1 -923 0
1 1 -33 1 -924 0
1 1 -31 1 -166 0
1 1 -32 1 -167 0
1 1 -33 1 -168 0
1 1 -31 1 -325 0
1 1 -32 1 -326 0
1 1 -33 1 -327 0
1 1 -34 1 -1039 0
1 1 -35 1 -1040 0
1 1 -36 1 -1041 0
1 1 -34 1 -364 0
1 1 -35 1 -365 0
1 1 -36 1 -366 0
1 1 -34 1 -1075 0
1 1 -35 1 -1076 0
1 1 -36 1 -1077 0
1 1 -34 1 -373 0
1 1 -35 1 -374 0
1 1 -36 1 -375 0
1 1 -34 1 -709 0
1 1 -35 1 -710 0
1 1 -36 1 -711 0
1 1 -34 1 -1096 0
1 1 -35 1 -1097 0
1 1 -36 1 -1098 0
1 1 -37 1 -607 0
1 1 -38 1 -608 0
1 1 -39 1 -609 0
1 1 -37 1 -460 0
1 1 -38 1 -461 0
1 1 -39 1 -462 0
1 1 -37 1 -742 0
1 1 -38 1 -743 0
1 1 -39 1 -744 0
1 1 -37 1 -286 0
1 1 -38 1 -287 0
1 1 -39 1 -288 0
1 1 -37 1 -934 0
1 1 -38 1 -935 0
1 1 -39 1 -936 0
1 1 -37 1 -1171 0
1 1 -38 1 -1172 0
1 1 -39 1 -1173 0
1 1 -40 1 -739 0
1 1 -41 1 -740 0
1 1 -42 1 -741 0
1 1 -40 1 -469 0
1 1 -41 1 -470 0
1 1 -42 1 -471 0
1 1 -40 1 -520 0
1 1 -41 1 -521 0
1 1 -42 1 -522 0
1 1 -40 1 -328 0
1 1 -41 1 -329 0
1 1 -42 1 -330 0
1 1 -40 1 -805 0
1 1 -41 1 -806 0
1 1 -42 1 -807 0
1 1 -40 1 -598 0
1 1 -41 1 -599 0
1 1 -42 1 -600 0
1 1 -40 1 -253 0
1 1 -41 1 -254 0
1 1 -42 1 -255 0
1 1 -43 1 -703 0
1 1 -44 1 -704 0
1 1 -45 1 -705 0
1 1 -43 1 -493 0
1 1 -44 1 -494 0
1 1 -45 1 -495 0
1 1 -43 1 -1033 0
1 1 -44 1 -1034 0
1 1 -45 1 -1035 0
1 1 -43 1 -151 0
1 1 -44 1 -152 0
1 1 -45 1 -153 0
1 1 -43 1 -931 0
1 1 -44 1 -932 0
1 1 -45 1 -933 0
1 1 -43 1 -442 0
1 1 -44 1 -443 0
1 1 -45 1 -444 0
1 1 -43 1 -82 0
1 1 -44 1 -83 0
1 1 -45 1 -84 0
1 1 -46 1 -1048 0
1 1 -47 1 -1049 0
1 1 -48 1 -1050 0
1 1 -46 1 -652 0
1 1 -47 1 -653 0
1 1 -48 1 -654 0
1 1 -46 1 -1087 0
1 1 -47 1 -1088 0
1 1 -48 1 -1089 0
1 1 -46 1 -379 0
1 1 -47 1 -380 0
1 1 -48 1 -381 0
1 1 -46 1 -1150 0
1 1 -47 1 -1151 0
1 1 -48 1 -1152 0
1 1 -46 1 -1129 0
1 1 -47 1 -1130 0
1 1 -48 1 -1131 0
1 1 -49 1 -208 0
1 1 -50 1 -209 0
1 1 -51 1 -210 0
1 1 -49 1 -886 0
1 1 -50 1 -887 0
1 1 -51 1 -888 0
1 1 -49 1 -655 0
1 1 -50 1 -656 0
1 1 -51 1 -657 0
1 1 -49 1 -676 0
1 1 -50 1 -677 0
1 1 -51 1 -678 0
1 1 -49 1 -988 0
1 1 -50 1 -989 0
1 1 -51 1 -990 0
1 1 -49 1 -556 0
1 1 -50 1 -557 0
1 1 -51 1 -558 0
1 1 -49 1 -559 0
1 1 -50 1 -560 0
1 1 -51 1 -561 0
1 1 -49 1 -445 0
1 1 -50 1 -446 0
1 1 -51 1 -447 0
1 1 -52 1 -847 0
1 1 -53 1 -848 0
1 1 -54 1 -849 0
1 1 -52 1 -466 0
1 1 -53 1 -467 0
1 1 -54 1 -468 0
1 1 -52 1 -475 0
1 1 -53 1 -476 0
1 1 -54 1 -477 0
1 1 -52 1 -907 0
1 1 -53 1 -908 0
1 1 -54 1 -909 0
1 1 -52 1 -1162 0
1 1 -53 1 -1163 0
1 1 -54 1 -1164 0
1 1 -52 1 -1006 0
1 1 -53 1 -1007 0
1 1 -54 1 -1008 0
1 1 -55 1 -688 0
1 1 -56 1 -689 0
1 1 -57 1 -690 0
1 1 -55 1 -973 0
1 1 -56 1 -974 0
1 1 -57 1 -975 0
1 1 -55 1 -1057 0
1 1 -56 1 -1058 0
1 1 -57 1 -1059 0
1 1 -55 1 -760 0
1 1 -56 1 -761 0
1 1 -57 1 -762 0
1 1 -55 1 -946 0
1 1 -56 1 -947 0
1 1 -57 1 -948 0
1 1 -55 1 -196 0
1 1 -56 1 -197 0
1 1 -57 1 -198 0
1 1 -58 1 -115 0
1 1 -59 1 -116 0
1 1 -60 1 -117 0
1 1 -58 1 -139 0
1 1 -59 1 -140 0
1 1 -60 1 -141 0
1 1 -58 1 -1135 0
1 1 -59 1 -1136 0
1 1 -60 1 -1137 0
1 1 -58 1 -541 0
1 1 -59 1 -542 0
1 1 -60 1 -543 0
1 1 -58 1 -64 0
1 1 -59 1 -65 0
1 1 -60 1 -66 0
1 1 -58 1 -823 0
1 1 -59 1 -824 0
1 1 -60 1 -825 0
1 1 -58 1 -589 0
1 1 -59 1 -590 0
1 1 -60 1 -591 0
1 1 -58 1 -592 0
1 1 -59 1 -593 0
1 1 -60 1 -594 0
1 1 -61 1 -64 0
1 1 -62 1 -65 0
1 1 -63 1 -66 0
1 1 -61 1 -67 0
1 1 -62 1 -68 0
1 1 -63 1 -69 0
1 1 -61 1 -70 0
1 1 -62 1 -71 0
1 1 -63 1 -72 0
1 1 -64 1 -67 0
1 1 -65 1 -68 0
1 1 -66 1 -69 0
1 1 -67 1 -721 0
1 1 -68 1 -722 0
1 1 -69 1 -723 0
1 1 -70 1 -73 0
1 1 -71 1 -74 0
1 1 -72 1 -75 0
1 1 -70 1 -76 0
1 1 -71 1 -77 0
1 1 -72 1 -78 0
1 1 -73 1 -76 0
1 1 -74 1 -77 0
1 1 -75 1 -78 0
1 1 -76 1 -721 0
1 1 -77 1 -722 0
1 1 -78 1 -723 0
1 1 -79 1 -235 0
1 1 -80 1 -236 0
1 1 -81 1 -237 0
1 1 -79 1 -106 0
1 1 -80 1 -107 0
1 1 -81 1 -108 0
1 1 -79 1 -82 0
1 1 -80 1 -83 0
1 1 -81 1 -84 0
1 1 -82 1 -235 0
1 1 -83 1 -236 0
1 1 -84 1 -237 0
1 1 -85 1 -88 0
1 1 -86 1 -89 0
1 1 -87 1 -90 0
1 1 -85 1 -721 0
1 1 -86 1 -722 0
1 1 -87 1 -723 0
1 1 -85 1 -103 0
1 1 -86 1 -104 0
1 1 -87 1 -105 0
1 1 -88 1 -103 0
1 1 -89 1 -104 0
1 1 -90 1 -105 0
1 1 -91 1 -94 0
1 1 -92 1 -95 0
1 1 -93 1 -96 0
1 1 -91 1 -112 0
1 1 -92 1 -113 0
1 1 -93 1 -114 0
1 1 -94 1 -109 0
1 1 -95 1 -110 0
1 1 -96 1 -111 0
1 1 -94 1 -112 0
1 1 -95 1 -113 0
1 1 -96 1 -114 0
1 1 -97 1 -100 0
1 1 -98 1 -101 0
1 1 -99 1 -102 0
1 1 -97 1 -358 0
1 1 -98 1 -359 0
1 1 -99 1 -360 0
1 1 -100 1 -103 0
1 1 -101 1 -104 0
1 1 -102 1 -105 0
1 1 -100 1 -358 0
1 1 -101 1 -359 0
1 1 -102 1 -360 0
1 1 -106 1 -487 0
1 1 -107 1 -488 0
1 1 -108 1 -489 0
1 1 -106 1 -490 0
1 1 -107 1 -491 0
1 1 -108 1 -492 0
1 1 -109 1 -373 0
1 1 -110 1 -374 0
1 1 -111 1 -375 0
1 1 -109 1 -376 0
1 1 -110 1 -377 0
1 1 -111 1 -378 0
1 1 -112 1 -721 0
1 1 -113 1 -722 0
1 1 -114 1 -723 0
1 1 -115 1 -118 0
1 1 -116 1 -119 0
1 1 -117 1 -120 0
1 1 -115 1 -898 0
1 1 -116 1 -899 0
1 1 -117 1 -900 0
1 1 -118 1 -715 0
1 1 -119 1 -716 0
1 1 -120 1 -717 0
1 1 -118 1 -898 0
1 1 -119 1 -899 0
1 1 -120 1 -900 0
1 1 -121 1 -124 0
1 1 -122 1 -125 0
1 1 -123 1 -126 0
1 1 -121 1 -127 0
1 1 -122 1 -128 0
1 1 -123 1 -129 0
1 1 -121 1 -130 0
1 1 -122 1 -131 0
1 1 -123 1 -132 0
1 1 -121 1 -133 0
1 1 -122 1 -134 0
1 1 -123 1 -135 0
1 1 -124 1 -127 0
1 1 -125 1 -128 0
1 1 -126 1 -129 0
1 1 -127 1 -715 0
1 1 -128 1 -716 0
1 1 -129 1 -717 0
1 1 -130 1 -133 0
1 1 -131 1 -134 0
1 1 -132 1 -135 0
1 1 -133 1 -718 0
1 1 -134 1 -719 0
1 1 -135 1 -720 0
1 1 -136 1 -139 0
1 1 -137 1 -140 0
1 1 -138 1 -141 0
1 1 -136 1 -142 0
1 1 -137 1 -143 0
1 1 -138 1 -144 0
1 1 -136 1 -397 0
1 1 -137 1 -398 0
1 1 -138 1 -399 0
1 1 -136 1 -400 0
1 1 -137 1 -401 0
1 1 -138 1 -402 0
1 1 -139 1 -142 0
1 1 -140 1 -143 0
1 1 -141 1 -144 0
1 1 -142 1 -715 0
1 1 -143 1 -716 0
1 1 -144 1 -717 0
1 1 -145 1 -922 0
1 1 -146 1 -923 0
1 1 -147 1 -924 0
1 1 -145 1 -925 0
1 1 -146 1 -926 0
1 1 -147 1 -927 0
1 1 -145 1 -928 0
1 1 -146 1 -929 0
1 1 -147 1 -930 0
1 1 -148 1 -151 0
1 1 -149 1 -152 0
1 1 -150 1 -153 0
1 1 -148 1 -715 0
1 1 -149 1 -716 0
1 1 -150 1 -717 0
1 1 -148 1 -160 0
1 1 -149 1 -161 0
1 1 -150 1 -162 0
1 1 -151 1 -160 0
1 1 -152 1 -161 0
1 1 -153 1 -162 0
1 1 -154 1 -157 0
1 1 -155 1 -158 0
1 1 -156 1 -159 0
1 1 -154 1 -160 0
1 1 -155 1 -161 0
1 1 -156 1 -162 0
1 1 -154 1 -718 0
1 1 -155 1 -719 0
1 1 -156 1 -720 0
1 1 -157 1 -160 0
1 1 -158 1 -161 0
1 1 -159 1 -162 0
1 1 -163 1 -715 0
1 1 -164 1 -716 0
1 1 -165 1 -717 0
1 1 -163 1 -424 0
1 1 -164 1 -425 0
1 1 -165 1 -426 0
1 1 -163 1 -166 0
1 1 -164 1 -167 0
1 1 -165 1 -168 0
1 1 -166 1 -424 0
1 1 -167 1 -425 0
1 1 -168 1 -426 0
1 1 -169 1 -718 0
1 1 -170 1 -719 0
1 1 -171 1 -720 0
1 1 -169 1 -424 0
1 1 -170 1 -425 0
1 1 -171 1 -426 0
1 1 -169 1 -172 0
1 1 -170 1 -173 0
1 1 -171 1 -174 0
1 1 -172 1 -424 0
1 1 -173 1 -425 0
1 1 -174 1 -426 0
1 1 -175 1 -940 0
1 1 -176 1 -941 0
1 1 -177 1 -942 0
1 1 -175 1 -178 0
1 1 -176 1 -179 0
1 1 -177 1 -180 0
1 1 -178 1 -940 0
1 1 -179 1 -941 0
1 1 -180 1 -942 0
1 1 -178 1 -943 0
1 1 -179 1 -944 0
1 1 -180 1 -945 0
1 1 -181 1 -184 0
1 1 -182 1 -185 0
1 1 -183 1 -186 0
1 1 -181 1 -202 0
1 1 -182 1 -203 0
1 1 -183 1 -204 0
1 1 -184 1 -199 0
1 1 -185 1 -200 0
1 1 -186 1 -201 0
1 1 -184 1 -202 0
1 1 -185 1 -203 0
1 1 -186 1 -204 0
1 1 -187 1 -718 0
1 1 -188 1 -719 0
1 1 -189 1 -720 0
1 1 -187 1 -355 0
1 1 -188 1 -356 0
1 1 -189 1 -357 0
1 1 -187 1 -190 0
1 1 -188 1 -191 0
1 1 -189 1 -192 0
1 1 -190 1 -355 0
1 1 -191 1 -356 0
1 1 -192 1 -357 0
1 1 -193 1 -718 0
1 1 -194 1 -719 0
1 1 -195 1 -720 0
1 1 -193 1 -196 0
1 1 -194 1 -197 0
1 1 -195 1 -198 0
1 1 -193 1 -199 0
1 1 -194 1 -200 0
1 1 -195 1 -201 0
1 1 -196 1 -199 0
1 1 -197 1 -200 0
1 1 -198 1 -201 0
1 1 -202 1 -718 0
1 1 -203 1 -719 0
1 1 -204 1 -720 0
1 1 -205 1 -208 0
1 1 -206 1 -209 0
1 1 -207 1 -210 0
1 1 -205 1 -211 0
1 1 -206 1 -212 0
1 1 -207 1 -213 0
1 1 -205 1 -214 0
1 1 -206 1 -215 0
1 1 -207 1 -216 0
1 1 -208 1 -211 0
1 1 -209 1 -212 0
1 1 -210 1 -213 0
1 1 -211 1 -721 0
1 1 -212 1 -722 0
1 1 -213 1 -723 0
1 1 -214 1 -229 0
1 1 -215 1 -230 0
1 1 -216 1 -231 0
1 1 -214 1 -232 0
1 1 -215 1 -233 0
1 1 -216 1 -234 0
1 1 -217 1 -721 0
1 1 -218 1 -722 0
1 1 -219 1 -723 0
1 1 -217 1 -988 0
1 1 -218 1 -989 0
1 1 -219 1 -990 0
1 1 -217 1 -991 0
1 1 -218 1 -992 0
1 1 -219 1 -993 0
1 1 -220 1 -226 0
1 1 -221 1 -227 0
1 1 -222 1 -228 0
1 1 -220 1 -223 0
1 1 -221 1 -224 0
1 1 -222 1 -225 0
1 1 -220 1 -991 0
1 1 -221 1 -992 0
1 1 -222 1 -993 0
1 1 -223 1 -226 0
1 1 -224 1 -227 0
1 1 -225 1 -228 0
1 1 -226 1 -721 0
1 1 -227 1 -722 0
1 1 -228 1 -723 0
1 1 -229 1 -232 0
1 1 -230 1 -233 0
1 1 -231 1 -234 0
1 1 -232 1 -721 0
1 1 -233 1 -722 0
1 1 -234 1 -723 0
1 1 -235 1 -721 0
1 1 -236 1 -722 0
1 1 -237 1 -723 0
1 1 -238 1 -241 0
1 1 -239 1 -242 0
1 1 -240 1 -243 0
1 1 -238 1 -259 0
1 1 -239 1 -260 0
1 1 -240 1 -261 0
1 1 -241 1 -259 0
1 1 -242 1 -260 0
1 1 -243 1 -261 0
1 1 -241 1 -514 0
1 1 -242 1 -515 0
1 1 -243 1 -516 0
1 1 -244 1 -715 0
1 1 -245 1 -716 0
1 1 -246 1 -717 0
1 1 -244 1 -247 0
1 1 -245 1 -248 0
1 1 -246 1 -249 0
1 1 -244 1 -514 0
1 1 -245 1 -515 0
1 1 -246 1 -516 0
1 1 -247 1 -514 0
1 1 -248 1 -515 0
1 1 -249 1 -516 0
1 1 -250 1 -715 0
1 1 -251 1 -716 0
1 1 -252 1 -717 0
1 1 -250 1 -253 0
1 1 -251 1 -254 0
1 1 -252 1 -255 0
1 1 -250 1 -256 0
1 1 -251 1 -257 0
1 1 -252 1 -258 0
1 1 -253 1 -256 0
1 1 -254 1 -257 0
1 1 -255 1 -258 0
1 1 -256 1 -265 0
1 1 -257 1 -266 0
1 1 -258 1 -267 0
1 1 -259 1 -715 0
1 1 -260 1 -716 0
1 1 -261 1 -717 0
1 1 -262 1 -571 0
1 1 -263 1 -572 0
1 1 -264 1 -573 0
1 1 -262 1 -265 0
1 1 -263 1 -266 0
1 1 -264 1 -267 0
1 1 -265 1 -571 0
1 1 -266 1 -572 0
1 1 -267 1 -573 0
1 1 -268 1 -1093 0
1 1 -269 1 -1094 0
1 1 -270 1 -1095 0
1 1 -268 1 -271 0
1 1 -269 1 -272 0
1 1 -270 1 -273 0
1 1 -271 1 -1093 0
1 1 -272 1 -1094 0
1 1 -273 1 -1095 0
1 1 -271 1 -1096 0
1 1 -272 1 -1097 0
1 1 -273 1 -1098 0
1 1 -271 1 -1099 0
1 1 -272 1 -1100 0
1 1 -273 1 -1101 0
1 1 -274 1 -277 0
1 1 -275 1 -278 0
1 1 -276 1 -279 0
1 1 -274 1 -280 0
1 1 -275 1 -281 0
1 1 -276 1 -282 0
1 1 -274 1 -715 0
1 1 -275 1 -716 0
1 1 -276 1 -717 0
1 1 -277 1 -280 0
1 1 -278 1 -281 0
1 1 -279 1 -282 0
1 1 -280 1 -289 0
1 1 -281 1 -290 0
1 1 -282 1 -291 0
1 1 -283 1 -715 0
1 1 -284 1 -716 0
1 1 -285 1 -717 0
1 1 -283 1 -286 0
1 1 -284 1 -287 0
1 1 -285 1 -288 0
1 1 -283 1 -289 0
1 1 -284 1 -290 0
1 1 -285 1 -291 0
1 1 -286 1 -289 0
1 1 -287 1 -290 0
1 1 -288 1 -291 0
1 1 -292 1 -454 0
1 1 -293 1 -455 0
1 1 -294 1 -456 0
1 1 -292 1 -715 0
1 1 -293 1 -716 0
1 1 -294 1 -717 0
1 1 -292 1 -295 0
1 1 -293 1 -296 0
1 1 -294 1 -297 0
1 1 -295 1 -454 0
1 1 -296 1 -455 0
1 1 -297 1 -456 0
1 1 -298 1 -310 0
1 1 -299 1 -311 0
1 1 -300 1 -312 0
1 1 -298 1 -718 0
1 1 -299 1 -719 0
1 1 -300 1 -720 0
1 1 -298 1 -301 0
1 1 -299 1 -302 0
1 1 -300 1 -303 0
1 1 -301 1 -310 0
1 1 -302 1 -311 0
1 1 -303 1 -312 0
1 1 -304 1 -307 0
1 1 -305 1 -308 0
1 1 -306 1 -309 0
1 1 -304 1 -310 0
1 1 -305 1 -311 0
1 1 -306 1 -312 0
1 1 -304 1 -721 0
1 1 -305 1 -722 0
1 1 -306 1 -723 0
1 1 -307 1 -310 0
1 1 -308 1 -311 0
1 1 -309 1 -312 0
1 1 -313 1 -718 0
1 1 -314 1 -719 0
1 1 -315 1 -720 0
1 1 -313 1 -316 0
1 1 -314 1 -317 0
1 1 -315 1 -318 0
1 1 -313 1 -319 0
1 1 -314 1 -320 0
1 1 -315 1 -321 0
1 1 -316 1 -319 0
1 1 -317 1 -320 0
1 1 -318 1 -321 0
1 1 -319 1 -1108 0
1 1 -320 1 -1109 0
1 1 -321 1 -1110 0
1 1 -322 1 -718 0
1 1 -323 1 -719 0
1 1 -324 1 -720 0
1 1 -322 1 -1108 0
1 1 -323 1 -1109 0
1 1 -324 1 -1110 0
1 1 -322 1 -325 0
1 1 -323 1 -326 0
1 1 -324 1 -327 0
1 1 -325 1 -1108 0
1 1 -326 1 -1109 0
1 1 -327 1 -1110 0
1 1 -328 1 -331 0
1 1 -329 1 -332 0
1 1 -330 1 -333 0
1 1 -328 1 -337 0
1 1 -329 1 -338 0
1 1 -330 1 -339 0
1 1 -331 1 -721 0
1 1 -332 1 -722 0
1 1 -333 1 -723 0
1 1 -331 1 -337 0
1 1 -332 1 -338 0
1 1 -333 1 -339 0
1 1 -334 1 -718 0
1 1 -335 1 -719 0
1 1 -336 1 -720 0
1 1 -334 1 -574 0
1 1 -335 1 -575 0
1 1 -336 1 -576 0
1 1 -334 1 -577 0
1 1 -335 1 -578 0
1 1 -336 1 -579 0
1 1 -337 1 -346 0
1 1 -338 1 -347 0
1 1 -339 1 -348 0
1 1 -337 1 -349 0
1 1 -338 1 -350 0
1 1 -339 1 -351 0
1 1 -340 1 -352 0
1 1 -341 1 -353 0
1 1 -342 1 -354 0
1 1 -340 1 -355 0
1 1 -341 1 -356 0
1 1 -342 1 -357 0
1 1 -340 1 -343 0
1 1 -341 1 -344 0
1 1 -342 1 -345 0
1 1 -343 1 -352 0
1 1 -344 1 -353 0
1 1 -345 1 -354 0
1 1 -346 1 -349 0
1 1 -347 1 -350 0
1 1 -348 1 -351 0
1 1 -349 1 -718 0
1 1 -350 1 -719 0
1 1 -351 1 -720 0
1 1 -352 1 -718 0
1 1 -353 1 -719 0
1 1 -354 1 -720 0
1 1 -358 1 -721 0
1 1 -359 1 -722 0
1 1 -360 1 -723 0
1 1 -361 1 -364 0
1 1 -362 1 -365 0
1 1 -363 1 -366 0
1 1 -361 1 -1153 0
1 1 -362 1 -1154 0
1 1 -363 1 -1155 0
1 1 -361 1 -1156 0
1 1 -362 1 -1157 0
1 1 -363 1 -1158 0
1 1 -364 1 -1156 0
1 1 -365 1 -1157 0
1 1 -366 1 -1158 0
1 1 -367 1 -370 0
1 1 -368 1 -371 0
1 1 -369 1 -372 0
1 1 -367 1 -385 0
1 1 -368 1 -386 0
1 1 -369 1 -387 0
1 1 -367 1 -388 0
1 1 -368 1 -389 0
1 1 -369 1 -390 0
1 1 -370 1 -385 0
1 1 -371 1 -386 0
1 1 -372 1 -387 0
1 1 -373 1 -376 0
1 1 -374 1 -377 0
1 1 -375 1 -378 0
1 1 -376 1 -721 0
1 1 -377 1 -722 0
1 1 -378 1 -723 0
1 1 -379 1 -382 0
1 1 -380 1 -383 0
1 1 -381 1 -384 0
1 1 -379 1 -388 0
1 1 -380 1 -389 0
1 1 -381 1 -390 0
1 1 -382 1 -721 0
1 1 -383 1 -722 0
1 1 -384 1 -723 0
1 1 -382 1 -388 0
1 1 -383 1 -389 0
1 1 -384 1 -390 0
1 1 -385 1 -721 0
1 1 -386 1 -722 0
1 1 -387 1 -723 0
1 1 -391 1 -394 0
1 1 -392 1 -395 0
1 1 -393 1 -396 0
1 1 -391 1 -412 0
1 1 -392 1 -413 0
1 1 -393 1 -414 0
1 1 -394 1 -406 0
1 1 -395 1 -407 0
1 1 -396 1 -408 0
1 1 -394 1 -409 0
1 1 -395 1 -410 0
1 1 -396 1 -411 0
1 1 -394 1 -412 0
1 1 -395 1 -413 0
1 1 -396 1 -414 0
1 1 -397 1 -718 0
1 1 -398 1 -719 0
1 1 -399 1 -720 0
1 1 -397 1 -400 0
1 1 -398 1 -401 0
1 1 -399 1 -402 0
1 1 -403 1 -415 0
1 1 -404 1 -416 0
1 1 -405 1 -417 0
1 1 -403 1 -418 0
1 1 -404 1 -419 0
1 1 -405 1 -420 0
1 1 -403 1 -679 0
1 1 -404 1 -680 0
1 1 -405 1 -681 0
1 1 -406 1 -718 0
1 1 -407 1 -719 0
1 1 -408 1 -720 0
1 1 -406 1 -409 0
1 1 -407 1 -410 0
1 1 -408 1 -411 0
1 1 -412 1 -715 0
1 1 -413 1 -716 0
1 1 -414 1 -717 0
1 1 -415 1 -715 0
1 1 -416 1 -716 0
1 1 -417 1 -717 0
1 1 -415 1 -418 0
1 1 -416 1 -419 0
1 1 -417 1 -420 0
1 1 -421 1 -715 0
1 1 -422 1 -716 0
1 1 -423 1 -717 0
1 1 -421 1 -439 0
1 1 -422 1 -440 0
1 1 -423 1 -441 0
1 1 -421 1 -442 0
1 1 -422 1 -443 0
1 1 -423 1 -444 0
1 1 -427 1 -715 0
1 1 -428 1 -716 0
1 1 -429 1 -717 0
1 1 -427 1 -433 0
1 1 -428 1 -434 0
1 1 -429 1 -435 0
1 1 -427 1 -436 0
1 1 -428 1 -437 0
1 1 -429 1 -438 0
1 1 -430 1 -439 0
1 1 -431 1 -440 0
1 1 -432 1 -441 0
1 1 -430 1 -445 0
1 1 -431 1 -446 0
1 1 -432 1 -447 0
1 1 -430 1 -448 0
1 1 -431 1 -449 0
1 1 -432 1 -450 0
1 1 -433 1 -643 0
1 1 -434 1 -644 0
1 1 -435 1 -645 0
1 1 -433 1 -436 0
1 1 -434 1 -437 0
1 1 -435 1 -438 0
1 1 -439 1 -442 0
1 1 -440 1 -443 0
1 1 -441 1 -444 0
1 1 -445 1 -448 0
1 1 -446 1 -449 0
1 1 -447 1 -450 0
1 1 -448 1 -715 0
1 1 -449 1 -716 0
1 1 -450 1 -717 0
1 1 -451 1 -715 0
1 1 -452 1 -716 0
1 1 -453 1 -717 0
1 1 -451 1 -460 0
1 1 -452 1 -461 0
1 1 -453 1 -462 0
1 1 -451 1 -463 0
1 1 -452 1 -464 0
1 1 -453 1 -465 0
1 1 -454 1 -475 0
1 1 -455 1 -476 0
1 1 -456 1 -477 0
1 1 -454 1 -478 0
1 1 -455 1 -479 0
1 1 -456 1 -480 0
1 1 -457 1 -718 0
1 1 -458 1 -719 0
1 1 -459 1 -720 0
1 1 -457 1 -463 0
1 1 -458 1 -464 0
1 1 -459 1 -465 0
1 1 -457 1 -466 0
1 1 -458 1 -467 0
1 1 -459 1 -468 0
1 1 -460 1 -463 0
1 1 -461 1 -464 0
1 1 -462 1 -465 0
1 1 -463 1 -466 0
1 1 -464 1 -467 0
1 1 -465 1 -468 0
1 1 -469 1 -748 0
1 1 -470 1 -749 0
1 1 -471 1 -750 0
1 1 -469 1 -472 0
1 1 -470 1 -473 0
1 1 -471 1 -474 0
1 1 -472 1 -748 0
1 1 -473 1 -749 0
1 1 -474 1 -750 0
1 1 -472 1 -718 0
1 1 -473 1 -719 0
1 1 -474 1 -720 0
1 1 -475 1 -478 0
1 1 -476 1 -479 0
1 1 -477 1 -480 0
1 1 -478 1 -718 0
1 1 -479 1 -719 0
1 1 -480 1 -720 0
1 1 -481 1 -484 0
1 1 -482 1 -485 0
1 1 -483 1 -486 0
1 1 -481 1 -721 0
1 1 -482 1 -722 0
1 1 -483 1 -723 0
1 1 -481 1 -505 0
1 1 -482 1 -506 0
1 1 -483 1 -507 0
1 1 -484 1 -505 0
1 1 -485 1 -506 0
1 1 -486 1 -507 0
1 1 -487 1 -721 0
1 1 -488 1 -722 0
1 1 -489 1 -723 0
1 1 -487 1 -490 0
1 1 -488 1 -491 0
1 1 -489 1 -492 0
1 1 -493 1 -496 0
1 1 -494 1 -497 0
1 1 -495 1 -498 0
1 1 -493 1 -502 0
1 1 -494 1 -503 0
1 1 -495 1 -504 0
1 1 -496 1 -499 0
1 1 -497 1 -500 0
1 1 -498 1 -501 0
1 1 -496 1 -502 0
1 1 -497 1 -503 0
1 1 -498 1 -504 0
1 1 -496 1 -508 0
1 1 -497 1 -509 0
1 1 -498 1 -510 0
1 1 -499 1 -508 0
1 1 -500 1 -509 0
1 1 -501 1 -510 0
1 1 -502 1 -721 0
1 1 -503 1 -722 0
1 1 -504 1 -723 0
1 1 -505 1 -778 0
1 1 -506 1 -779 0
1 1 -507 1 -780 0
1 1 -505 1 -781 0
1 1 -506 1 -782 0
1 1 -507 1 -783 0
1 1 -508 1 -718 0
1 1 -509 1 -719 0
1 1 -510 1 -720 0
1 1 -511 1 -517 0
1 1 -512 1 -518 0
1 1 -513 1 -519 0
1 1 -511 1 -520 0
1 1 -512 1 -521 0
1 1 -513 1 -522 0
1 1 -511 1 -715 0
1 1 -512 1 -716 0
1 1 -513 1 -717 0
1 1 -517 1 -520 0
1 1 -518 1 -521 0
1 1 -519 1 -522 0
1 1 -517 1 -532 0
1 1 -518 1 -533 0
1 1 -519 1 -534 0
1 1 -523 1 -526 0
1 1 -524 1 -527 0
1 1 -525 1 -528 0
1 1 -523 1 -532 0
1 1 -524 1 -533 0
1 1 -525 1 -534 0
1 1 -526 1 -715 0
1 1 -527 1 -716 0
1 1 -528 1 -717 0
1 1 -526 1 -532 0
1 1 -527 1 -533 0
1 1 -528 1 -534 0
1 1 -529 1 -715 0
1 1 -530 1 -716 0
1 1 -531 1 -717 0
1 1 -529 1 -535 0
1 1 -530 1 -536 0
1 1 -531 1 -537 0
1 1 -529 1 -538 0
1 1 -530 1 -539 0
1 1 -531 1 -540 0
1 1 -535 1 -868 0
1 1 -536 1 -869 0
1 1 -537 1 -870 0
1 1 -535 1 -538 0
1 1 -536 1 -539 0
1 1 -537 1 -540 0
1 1 -541 1 -544 0
1 1 -542 1 -545 0
1 1 -543 1 -546 0
1 1 -541 1 -568 0
1 1 -542 1 -569 0
1 1 -543 1 -570 0
1 1 -544 1 -715 0
1 1 -545 1 -716 0
1 1 -546 1 -717 0
1 1 -544 1 -568 0
1 1 -545 1 -569 0
1 1 -546 1 -570 0
1 1 -547 1 -553 0
1 1 -548 1 -554 0
1 1 -549 1 -555 0
1 1 -547 1 -556 0
1 1 -548 1 -557 0
1 1 -549 1 -558 0
1 1 -547 1 -718 0
1 1 -548 1 -719 0
1 1 -549 1 -720 0
1 1 -550 1 -553 0
1 1 -551 1 -554 0
1 1 -552 1 -555 0
1 1 -550 1 -565 0
1 1 -551 1 -566 0
1 1 -552 1 -567 0
1 1 -553 1 -556 0
1 1 -554 1 -557 0
1 1 -555 1 -558 0
1 1 -553 1 -565 0
1 1 -554 1 -566 0
1 1 -555 1 -567 0
1 1 -559 1 -562 0
1 1 -560 1 -563 0
1 1 -561 1 -564 0
1 1 -559 1 -568 0
1 1 -560 1 -569 0
1 1 -561 1 -570 0
1 1 -562 1 -718 0
1 1 -563 1 -719 0
1 1 -564 1 -720 0
1 1 -562 1 -568 0
1 1 -563 1 -569 0
1 1 -564 1 -570 0
1 1 -565 1 -715 0
1 1 -566 1 -716 0
1 1 -567 1 -717 0
1 1 -571 1 -715 0
1 1 -572 1 -716 0
1 1 -573 1 -717 0
1 1 -574 1 -577 0
1 1 -575 1 -578 0
1 1 -576 1 -579 0
1 1 -577 1 -580 0
1 1 -578 1 -581 0
1 1 -579 1 -582 0
1 1 -580 1 -586 0
1 1 -581 1 -587 0
1 1 -582 1 -588 0
1 1 -580 1 -589 0
1 1 -581 1 -590 0
1 1 -582 1 -591 0
1 1 -583 1 -721 0
1 1 -584 1 -722 0
1 1 -585 1 -723 0
1 1 -583 1 -595 0
1 1 -584 1 -596 0
1 1 -585 1 -597 0
1 1 -583 1 -598 0
1 1 -584 1 -599 0
1 1 -585 1 -600 0
1 1 -586 1 -718 0
1 1 -587 1 -719 0
1 1 -588 1 -720 0
1 1 -586 1 -589 0
1 1 -587 1 -590 0
1 1 -588 1 -591 0
1 1 -592 1 -595 0
1 1 -593 1 -596 0
1 1 -594 1 -597 0
1 1 -592 1 -601 0
1 1 -593 1 -602 0
1 1 -594 1 -603 0
1 1 -595 1 -598 0
1 1 -596 1 -599 0
1 1 -597 1 -600 0
1 1 -595 1 -601 0
1 1 -596 1 -602 0
1 1 -597 1 -603 0
1 1 -601 1 -718 0
1 1 -602 1 -719 0
1 1 -603 1 -720 0
1 1 -604 1 -607 0
1 1 -605 1 -608 0
1 1 -606 1 -609 0
1 1 -604 1 -622 0
1 1 -605 1 -623 0
1 1 -606 1 -624 0
1 1 -604 1 -625 0
1 1 -605 1 -626 0
1 1 -606 1 -627 0
1 1 -607 1 -622 0
1 1 -608 1 -623 0
1 1 -609 1 -624 0
1 1 -610 1 -1078 0
1 1 -611 1 -1079 0
1 1 -612 1 -1080 0
1 1 -610 1 -613 0
1 1 -611 1 -614 0
1 1 -612 1 -615 0
1 1 -613 1 -1078 0
1 1 -614 1 -1079 0
1 1 -615 1 -1080 0
1 1 -613 1 -721 0
1 1 -614 1 -722 0
1 1 -615 1 -723 0
1 1 -616 1 -619 0
1 1 -617 1 -620 0
1 1 -618 1 -621 0
1 1 -616 1 -625 0
1 1 -617 1 -626 0
1 1 -618 1 -627 0
1 1 -619 1 -721 0
1 1 -620 1 -722 0
1 1 -621 1 -723 0
1 1 -619 1 -625 0
1 1 -620 1 -626 0
1 1 -621 1 -627 0
1 1 -622 1 -721 0
1 1 -623 1 -722 0
1 1 -624 1 -723 0
1 1 -628 1 -826 0
1 1 -629 1 -827 0
1 1 -630 1 -828 0
1 1 -628 1 -631 0
1 1 -629 1 -632 0
1 1 -630 1 -633 0
1 1 -628 1 -829 0
1 1 -629 1 -830 0
1 1 -630 1 -831 0
1 1 -631 1 -829 0
1 1 -632 1 -830 0
1 1 -633 1 -831 0
1 1 -634 1 -1069 0
1 1 -635 1 -1070 0
1 1 -636 1 -1071 0
1 1 -634 1 -1078 0
1 1 -635 1 -1079 0
1 1 -636 1 -1080 0
1 1 -634 1 -1006 0
1 1 -635 1 -1007 0
1 1 -636 1 -1008 0
1 1 -637 1 -646 0
1 1 -638 1 -647 0
1 1 -639 1 -648 0
1 1 -637 1 -658 0
1 1 -638 1 -659 0
1 1 -639 1 -660 0
1 1 -640 1 -715 0
1 1 -641 1 -716 0
1 1 -642 1 -717 0
1 1 -640 1 -655 0
1 1 -641 1 -656 0
1 1 -642 1 -657 0
1 1 -640 1 -658 0
1 1 -641 1 -659 0
1 1 -642 1 -660 0
1 1 -643 1 -673 0
1 1 -644 1 -674 0
1 1 -645 1 -675 0
1 1 -643 1 -676 0
1 1 -644 1 -677 0
1 1 -645 1 -678 0
1 1 -646 1 -718 0
1 1 -647 1 -719 0
1 1 -648 1 -720 0
1 1 -646 1 -658 0
1 1 -647 1 -659 0
1 1 -648 1 -660 0
1 1 -649 1 -715 0
1 1 -650 1 -716 0
1 1 -651 1 -717 0
1 1 -649 1 -652 0
1 1 -650 1 -653 0
1 1 -651 1 -654 0
1 1 -649 1 -1063 0
1 1 -650 1 -1064 0
1 1 -651 1 -1065 0
1 1 -652 1 -1063 0
1 1 -653 1 -1064 0
1 1 -654 1 -1065 0
1 1 -655 1 -658 0
1 1 -656 1 -659 0
1 1 -657 1 -660 0
1 1 -661 1 -664 0
1 1 -662 1 -665 0
1 1 -663 1 -666 0
1 1 -661 1 -1003 0
1 1 -662 1 -1004 0
1 1 -663 1 -1005 0
1 1 -664 1 -715 0
1 1 -665 1 -716 0
1 1 -666 1 -717 0
1 1 -664 1 -1003 0
1 1 -665 1 -1004 0
1 1 -666 1 -1005 0
1 1 -667 1 -670 0
1 1 -668 1 -671 0
1 1 -669 1 -672 0
1 1 -667 1 -1003 0
1 1 -668 1 -1004 0
1 1 -669 1 -1005 0
1 1 -670 1 -718 0
1 1 -671 1 -719 0
1 1 -672 1 -720 0
1 1 -670 1 -1003 0
1 1 -671 1 -1004 0
1 1 -672 1 -1005 0
1 1 -673 1 -715 0
1 1 -674 1 -716 0
1 1 -675 1 -717 0
1 1 -673 1 -676 0
1 1 -674 1 -677 0
1 1 -675 1 -678 0
1 1 -679 1 -1000 0
1 1 -680 1 -1001 0
1 1 -681 1 -1002 0
1 1 -679 1 -682 0
1 1 -680 1 -683 0
1 1 -681 1 -684 0
1 1 -682 1 -1000 0
1 1 -683 1 -1001 0
1 1 -684 1 -1002 0
1 1 -685 1 -688 0
1 1 -686 1 -689 0
1 1 -687 1 -690 0
1 1 -685 1 -691 0
1 1 -686 1 -692 0
1 1 -687 1 -693 0
1 1 -685 1 -694 0
1 1 -686 1 -695 0
1 1 -687 1 -696 0
1 1 -688 1 -691 0
1 1 -689 1 -692 0
1 1 -690 1 -693 0
1 1 -691 1 -715 0
1 1 -692 1 -716 0
1 1 -693 1 -717 0
1 1 -694 1 -709 0
1 1 -695 1 -710 0
1 1 -696 1 -711 0
1 1 -694 1 -712 0
1 1 -695 1 -713 0
1 1 -696 1 -714 0
1 1 -697 1 -1009 0
1 1 -698 1 -1010 0
1 1 -699 1 -1011 0
1 1 -697 1 -700 0
1 1 -698 1 -701 0
1 1 -699 1 -702 0
1 1 -700 1 -1009 0
1 1 -701 1 -1010 0
1 1 -702 1 -1011 0
1 1 -700 1 -715 0
1 1 -701 1 -716 0
1 1 -702 1 -717 0
1 1 -703 1 -1009 0
1 1 -704 1 -1010 0
1 1 -705 1 -1011 0
1 1 -703 1 -706 0
1 1 -704 1 -707 0
1 1 -705 1 -708 0
1 1 -706 1 -1009 0
1 1 -707 1 -1010 0
1 1 -708 1 -1011 0
1 1 -706 1 -718 0
1 1 -707 1 -719 0
1 1 -708 1 -720 0
1 1 -709 1 -712 0
1 1 -710 1 -713 0
1 1 -711 1 -714 0
1 1 -712 1 -715 0
1 1 -713 1 -716 0
1 1 -714 1 -717 0
1 1 -715 1 -1045 0
1 1 -716 1 -1046 0
1 1 -717 1 -1047 0
1 1 -715 1 -1054 0
1 1 -716 1 -1055 0
1 1 -717 1 -1056 0
1 1 -715 1 -1066 0
1 1 -716 1 -1067 0
1 1 -717 1 -1068 0
1 1 -715 1 -853 0
1 1 -716 1 -854 0
1 1 -717 1 -855 0
1 1 -715 1 -925 0
1 1 -716 1 -926 0
1 1 -717 1 -927 0
1 1 -715 1 -856 0
1 1 -716 1 -857 0
1 1 -717 1 -858 0
1 1 -715 1 -1000 0
1 1 -716 1 -1001 0
1 1 -717 1 -1002 0
1 1 -715 1 -871 0
1 1 -716 1 -872 0
1 1 -717 1 -873 0
1 1 -715 1 -844 0
1 1 -716 1 -845 0
1 1 -717 1 -846 0
1 1 -715 1 -910 0
1 1 -716 1 -911 0
1 1 -717 1 -912 0
1 1 -715 1 -718 0
1 1 -716 1 -719 0
1 1 -717 1 -720 0
1 1 -715 1 -721 0
1 1 -716 1 -722 0
1 1 -717 1 -723 0
1 1 -715 1 -1018 0
1 1 -716 1 -1019 0
1 1 -717 1 -1020 0
1 1 -715 1 -901 0
1 1 -716 1 -902 0
1 1 -717 1 -903 0
1 1 -715 1 -1036 0
1 1 -716 1 -1037 0
1 1 -717 1 -1038 0
1 1 -715 1 -919 0
1 1 -716 1 -920 0
1 1 -717 1 -921 0
1 1 -715 1 -1021 0
1 1 -716 1 -1022 0
1 1 -717 1 -1023 0
1 1 -718 1 -781 0
1 1 -719 1 -782 0
1 1 -720 1 -783 0
1 1 -718 1 -1117 0
1 1 -719 1 -1118 0
1 1 -720 1 -1119 0
1 1 -718 1 -1180 0
1 1 -719 1 -1181 0
1 1 -720 1 -1182 0
1 1 -718 1 -1090 0
1 1 -719 1 -1091 0
1 1 -720 1 -1092 0
1 1 -718 1 -1099 0
1 1 -719 1 -1100 0
1 1 -720 1 -1101 0
1 1 -718 1 -937 0
1 1 -719 1 -938 0
1 1 -720 1 -939 0
1 1 -718 1 -940 0
1 1 -719 1 -941 0
1 1 -720 1 -942 0
1 1 -718 1 -949 0
1 1 -719 1 -950 0
1 1 -720 1 -951 0
1 1 -718 1 -1123 0
1 1 -719 1 -1124 0
1 1 -720 1 -1125 0
1 1 -718 1 -811 0
1 1 -719 1 -812 0
1 1 -720 1 -813 0
1 1 -718 1 -958 0
1 1 -719 1 -959 0
1 1 -720 1 -960 0
1 1 -718 1 -1132 0
1 1 -719 1 -1133 0
1 1 -720 1 -1134 0
1 1 -718 1 -964 0
1 1 -719 1 -965 0
1 1 -720 1 -966 0
1 1 -718 1 -979 0
1 1 -719 1 -980 0
1 1 -720 1 -981 0
1 1 -718 1 -721 0
1 1 -719 1 -722 0
1 1 -720 1 -723 0
1 1 -718 1 -874 0
1 1 -719 1 -875 0
1 1 -720 1 -876 0
1 1 -718 1 -1012 0
1 1 -719 1 -1013 0
1 1 -720 1 -1014 0
1 1 -718 1 -733 0
1 1 -719 1 -734 0
1 1 -720 1 -735 0
1 1 -718 1 -736 0
1 1 -719 1 -737 0
1 1 -720 1 -738 0
1 1 -718 1 -895 0
1 1 -719 1 -896 0
1 1 -720 1 -897 0
1 1 -718 1 -751 0
1 1 -719 1 -752 0
1 1 -720 1 -753 0
1 1 -721 1 -763 0
1 1 -722 1 -764 0
1 1 -723 1 -765 0
1 1 -721 1 -766 0
1 1 -722 1 -767 0
1 1 -723 1 -768 0
1 1 -721 1 -1084 0
1 1 -722 1 -1085 0
1 1 -723 1 -1086 0
1 1 -721 1 -1093 0
1 1 -722 1 -1094 0
1 1 -723 1 -1095 0
1 1 -721 1 -784 0
1 1 -722 1 -785 0
1 1 -723 1 -786 0
1 1 -721 1 -793 0
1 1 -722 1 -794 0
1 1 -723 1 -795 0
1 1 -721 1 -1105 0
1 1 -722 1 -1106 0
1 1 -723 1 -1107 0
1 1 -721 1 -799 0
1 1 -722 1 -800 0
1 1 -723 1 -801 0
1 1 -721 1 -970 0
1 1 -722 1 -971 0
1 1 -723 1 -972 0
1 1 -721 1 -985 0
1 1 -722 1 -986 0
1 1 -723 1 -987 0
1 1 -721 1 -814 0
1 1 -722 1 -815 0
1 1 -723 1 -816 0
1 1 -721 1 -820 0
1 1 -722 1 -821 0
1 1 -723 1 -822 0
1 1 -721 1 -829 0
1 1 -722 1 -830 0
1 1 -723 1 -831 0
1 1 -721 1 -835 0
1 1 -722 1 -836 0
1 1 -723 1 -837 0
1 1 -721 1 -1069 0
1 1 -722 1 -1070 0
1 1 -723 1 -1071 0
1 1 -721 1 -1138 0
1 1 -722 1 -1139 0
1 1 -723 1 -1140 0
1 1 -721 1 -1147 0
1 1 -722 1 -1148 0
1 1 -723 1 -1149 0
1 1 -721 1 -1156 0
1 1 -722 1 -1157 0
1 1 -723 1 -1158 0
1 1 -721 1 -1165 0
1 1 -722 1 -1166 0
1 1 -723 1 -1167 0
1 1 -721 1 -1174 0
1 1 -722 1 -1175 0
1 1 -723 1 -1176 0
1 1 -724 1 -727 0
1 1 -725 1 -728 0
1 1 -726 1 -729 0
1 1 -724 1 -733 0
1 1 -725 1 -734 0
1 1 -726 1 -735 0
1 1 -727 1 -730 0
1 1 -728 1 -731 0
1 1 -729 1 -732 0
1 1 -727 1 -733 0
1 1 -728 1 -734 0
1 1 -729 1 -735 0
1 1 -730 1 -736 0
1 1 -731 1 -737 0
1 1 -732 1 -738 0
1 1 -730 1 -739 0
1 1 -731 1 -740 0
1 1 -732 1 -741 0
1 1 -736 1 -739 0
1 1 -737 1 -740 0
1 1 -738 1 -741 0
1 1 -742 1 -751 0
1 1 -743 1 -752 0
1 1 -744 1 -753 0
1 1 -742 1 -745 0
1 1 -743 1 -746 0
1 1 -744 1 -747 0
1 1 -745 1 -748 0
1 1 -746 1 -749 0
1 1 -747 1 -750 0
1 1 -745 1 -751 0
1 1 -746 1 -752 0
1 1 -747 1 -753 0
1 1 -754 1 -985 0
1 1 -755 1 -986 0
1 1 -756 1 -987 0
1 1 -754 1 -979 0
1 1 -755 1 -980 0
1 1 -756 1 -981 0
1 1 -754 1 -982 0
1 1 -755 1 -983 0
1 1 -756 1 -984 0
1 1 -754 1 -757 0
1 1 -755 1 -758 0
1 1 -756 1 -759 0
1 1 -757 1 -985 0
1 1 -758 1 -986 0
1 1 -759 1 -987 0
1 1 -760 1 -763 0
1 1 -761 1 -764 0
1 1 -762 1 -765 0
1 1 -760 1 -769 0
1 1 -761 1 -770 0
1 1 -762 1 -771 0
1 1 -763 1 -769 0
1 1 -764 1 -770 0
1 1 -765 1 -771 0
1 1 -766 1 -772 0
1 1 -767 1 -773 0
1 1 -768 1 -774 0
1 1 -766 1 -775 0
1 1 -767 1 -776 0
1 1 -768 1 -777 0
1 1 -769 1 -772 0
1 1 -770 1 -773 0
1 1 -771 1 -774 0
1 1 -772 1 -775 0
1 1 -773 1 -776 0
1 1 -774 1 -777 0
1 1 -778 1 -781 0
1 1 -779 1 -782 0
1 1 -780 1 -783 0
1 1 -784 1 -802 0
1 1 -785 1 -803 0
1 1 -786 1 -804 0
1 1 -784 1 -805 0
1 1 -785 1 -806 0
1 1 -786 1 -807 0
1 1 -787 1 -790 0
1 1 -788 1 -791 0
1 1 -789 1 -792 0
1 1 -787 1 -793 0
1 1 -788 1 -794 0
1 1 -789 1 -795 0
1 1 -787 1 -808 0
1 1 -788 1 -809 0
1 1 -789 1 -810 0
1 1 -787 1 -811 0
1 1 -788 1 -812 0
1 1 -789 1 -813 0
1 1 -790 1 -793 0
1 1 -791 1 -794 0
1 1 -792 1 -795 0
1 1 -796 1 -799 0
1 1 -797 1 -800 0
1 1 -798 1 -801 0
1 1 -796 1 -1177 0
1 1 -797 1 -1178 0
1 1 -798 1 -1179 0
1 1 -799 1 -1177 0
1 1 -800 1 -1178 0
1 1 -801 1 -1179 0
1 1 -802 1 -1177 0
1 1 -803 1 -1178 0
1 1 -804 1 -1179 0
1 1 -802 1 -805 0
1 1 -803 1 -806 0
1 1 -804 1 -807 0
1 1 -808 1 -811 0
1 1 -809 1 -812 0
1 1 -810 1 -813 0
1 1 -814 1 -817 0
1 1 -815 1 -818 0
1 1 -816 1 -819 0
1 1 -814 1 -832 0
1 1 -815 1 -833 0
1 1 -816 1 -834 0
1 1 -817 1 -832 0
1 1 -818 1 -833 0
1 1 -819 1 -834 0
1 1 -820 1 -823 0
1 1 -821 1 -824 0
1 1 -822 1 -825 0
1 1 -820 1 -826 0
1 1 -821 1 -827 0
1 1 -822 1 -828 0
1 1 -823 1 -826 0
1 1 -824 1 -827 0
1 1 -825 1 -828 0
1 1 -832 1 -841 0
1 1 -833 1 -842 0
1 1 -834 1 -843 0
1 1 -835 1 -838 0
1 1 -836 1 -839 0
1 1 -837 1 -840 0
1 1 -835 1 -841 0
1 1 -836 1 -842 0
1 1 -837 1 -843 0
1 1 -838 1 -841 0
1 1 -839 1 -842 0
1 1 -840 1 -843 0
1 1 -844 1 -847 0
1 1 -845 1 -848 0
1 1 -846 1 -849 0
1 1 -844 1 -868 0
1 1 -845 1 -869 0
1 1 -846 1 -870 0
1 1 -847 1 -868 0
1 1 -848 1 -869 0
1 1 -849 1 -870 0
1 1 -850 1 -856 0
1 1 -851 1 -857 0
1 1 -852 1 -858 0
1 1 -850 1 -859 0
1 1 -851 1 -860 0
1 1 -852 1 -861 0
1 1 -850 1 -865 0
1 1 -851 1 -866 0
1 1 -852 1 -867 0
1 1 -853 1 -904 0
1 1 -854 1 -905 0
1 1 -855 1 -906 0
1 1 -853 1 -907 0
1 1 -854 1 -908 0
1 1 -855 1 -909 0
1 1 -856 1 -859 0
1 1 -857 1 -860 0
1 1 -858 1 -861 0
1 1 -862 1 -865 0
1 1 -863 1 -866 0
1 1 -864 1 -867 0
1 1 -862 1 -871 0
1 1 -863 1 -872 0
1 1 -864 1 -873 0
1 1 -865 1 -871 0
1 1 -866 1 -872 0
1 1 -867 1 -873 0
1 1 -874 1 -877 0
1 1 -875 1 -878 0
1 1 -876 1 -879 0
1 1 -874 1 -892 0
1 1 -875 1 -893 0
1 1 -876 1 -894 0
1 1 -877 1 -892 0
1 1 -878 1 -893 0
1 1 -879 1 -894 0
1 1 -880 1 -883 0
1 1 -881 1 -884 0
1 1 -882 1 -885 0
1 1 -880 1 -901 0
1 1 -881 1 -902 0
1 1 -882 1 -903 0
1 1 -883 1 -898 0
1 1 -884 1 -899 0
1 1 -885 1 -900 0
1 1 -883 1 -901 0
1 1 -884 1 -902 0
1 1 -885 1 -903 0
1 1 -886 1 -889 0
1 1 -887 1 -890 0
1 1 -888 1 -891 0
1 1 -886 1 -895 0
1 1 -887 1 -896 0
1 1 -888 1 -897 0
1 1 -889 1 -892 0
1 1 -890 1 -893 0
1 1 -891 1 -894 0
1 1 -889 1 -895 0
1 1 -890 1 -896 0
1 1 -891 1 -897 0
1 1 -904 1 -913 0
1 1 -905 1 -914 0
1 1 -906 1 -915 0
1 1 -904 1 -907 0
1 1 -905 1 -908 0
1 1 -906 1 -909 0
1 1 -910 1 -928 0
1 1 -911 1 -929 0
1 1 -912 1 -930 0
1 1 -910 1 -931 0
1 1 -911 1 -932 0
1 1 -912 1 -933 0
1 1 -913 1 -916 0
1 1 -914 1 -917 0
1 1 -915 1 -918 0
1 1 -913 1 -919 0
1 1 -914 1 -920 0
1 1 -915 1 -921 0
1 1 -916 1 -919 0
1 1 -917 1 -920 0
1 1 -918 1 -921 0
1 1 -922 1 -925 0
1 1 -923 1 -926 0
1 1 -924 1 -927 0
1 1 -928 1 -931 0
1 1 -929 1 -932 0
1 1 -930 1 -933 0
1 1 -934 1 -937 0
1 1 -935 1 -938 0
1 1 -936 1 -939 0
1 1 -934 1 -961 0
1 1 -935 1 -962 0
1 1 -936 1 -963 0
1 1 -937 1 -961 0
1 1 -938 1 -962 0
1 1 -939 1 -963 0
1 1 -943 1 -946 0
1 1 -944 1 -947 0
1 1 -945 1 -948 0
1 1 -943 1 -949 0
1 1 -944 1 -950 0
1 1 -945 1 -951 0
1 1 -946 1 -949 0
1 1 -947 1 -950 0
1 1 -948 1 -951 0
1 1 -952 1 -955 0
1 1 -953 1 -956 0
1 1 -954 1 -957 0
1 1 -952 1 -958 0
1 1 -953 1 -959 0
1 1 -954 1 -960 0
1 1 -952 1 -961 0
1 1 -953 1 -962 0
1 1 -954 1 -963 0
1 1 -955 1 -958 0
1 1 -956 1 -959 0
1 1 -957 1 -960 0
1 1 -964 1 -967 0
1 1 -965 1 -968 0
1 1 -966 1 -969 0
1 1 -964 1 -976 0
1 1 -965 1 -977 0
1 1 -966 1 -978 0
1 1 -967 1 -976 0
1 1 -968 1 -977 0
1 1 -969 1 -978 0
1 1 -970 1 -973 0
1 1 -971 1 -974 0
1 1 -972 1 -975 0
1 1 -970 1 -976 0
1 1 -971 1 -977 0
1 1 -972 1 -978 0
1 1 -973 1 -976 0
1 1 -974 1 -977 0
1 1 -975 1 -978 0
1 1 -979 1 -982 0
1 1 -980 1 -983 0
1 1 -981 1 -984 0
1 1 -988 1 -991 0
1 1 -989 1 -992 0
1 1 -990 1 -993 0
1 1 -994 1 -1015 0
1 1 -995 1 -1016 0
1 1 -996 1 -1017 0
1 1 -994 1 -1018 0
1 1 -995 1 -1019 0
1 1 -996 1 -1020 0
1 1 -994 1 -997 0
1 1 -995 1 -998 0
1 1 -996 1 -999 0
1 1 -997 1 -1018 0
1 1 -998 1 -1019 0
1 1 -999 1 -1020 0
1 1 -1006 1 -1069 0
1 1 -1007 1 -1070 0
1 1 -1008 1 -1071 0
1 1 -1012 1 -1030 0
1 1 -1013 1 -1031 0
1 1 -1014 1 -1032 0
1 1 -1012 1 -1033 0
1 1 -1013 1 -1034 0
1 1 -1014 1 -1035 0
1 1 -1015 1 -1021 0
1 1 -1016 1 -1022 0
1 1 -1017 1 -1023 0
1 1 -1015 1 -1024 0
1 1 -1016 1 -1025 0
1 1 -1017 1 -1026 0
1 1 -1021 1 -1024 0
1 1 -1022 1 -1025 0
1 1 -1023 1 -1026 0
1 1 -1027 1 -1030 0
1 1 -1028 1 -1031 0
1 1 -1029 1 -1032 0
1 1 -1027 1 -1036 0
1 1 -1028 1 -1037 0
1 1 -1029 1 -1038 0
1 1 -1030 1 -1033 0
1 1 -1031 1 -1034 0
1 1 -1032 1 -1035 0
1 1 -1030 1 -1036 0
1 1 -1031 1 -1037 0
1 1 -1032 1 -1038 0
1 1 -1039 1 -1042 0
1 1 -1040 1 -1043 0
1 1 -1041 1 -1044 0
1 1 -1039 1 -1066 0
1 1 -1040 1 -1067 0
1 1 -1041 1 -1068 0
1 1 -1042 1 -1063 0
1 1 -1043 1 -1064 0
1 1 -1044 1 -1065 0
1 1 -1042 1 -1066 0
1 1 -1043 1 -1067 0
1 1 -1044 1 -1068 0
1 1 -1045 1 -1048 0
1 1 -1046 1 -1049 0
1 1 -1047 1 -1050 0
1 1 -1045 1 -1051 0
1 1 -1046 1 -1052 0
1 1 -1047 1 -1053 0
1 1 -1048 1 -1051 0
1 1 -1049 1 -1052 0
1 1 -1050 1 -1053 0
1 1 -1051 1 -1060 0
1 1 -1052 1 -1061 0
1 1 -1053 1 -1062 0
1 1 -1054 1 -1057 0
1 1 -1055 1 -1058 0
1 1 -1056 1 -1059 0
1 1 -1054 1 -1060 0
1 1 -1055 1 -1061 0
1 1 -1056 1 -1062 0
1 1 -1057 1 -1060 0
1 1 -1058 1 -1061 0
1 1 -1059 1 -1062 0
1 1 -1072 1 -1123 0
1 1 -1073 1 -1124 0
1 1 -1074 1 -1125 0
1 1 -1072 1 -1126 0
1 1 -1073 1 -1127 0
1 1 -1074 1 -1128 0
1 1 -1072 1 -1075 0
1 1 -1073 1 -1076 0
1 1 -1074 1 -1077 0
1 1 -1075 1 -1123 0
1 1 -1076 1 -1124 0
1 1 -1077 1 -1125 0
1 1 -1081 1 -1084 0
1 1 -1082 1 -1085 0
1 1 -1083 1 -1086 0
1 1 -1081 1 -1102 0
1 1 -1082 1 -1103 0
1 1 -1083 1 -1104 0
1 1 -1084 1 -1102 0
1 1 -1085 1 -1103 0
1 1 -1086 1 -1104 0
1 1 -1087 1 -1090 0
1 1 -1088 1 -1091 0
1 1 -1089 1 -1092 0
1 1 -1087 1 -1102 0
1 1 -1088 1 -1103 0
1 1 -1089 1 -1104 0
1 1 -1090 1 -1102 0
1 1 -1091 1 -1103 0
1 1 -1092 1 -1104 0
1 1 -1096 1 -1099 0
1 1 -1097 1 -1100 0
1 1 -1098 1 -1101 0
1 1 -1105 1 -1111 0
1 1 -1106 1 -1112 0
1 1 -1107 1 -1113 0
1 1 -1105 1 -1120 0
1 1 -1106 1 -1121 0
1 1 -1107 1 -1122 0
1 1 -1111 1 -1114 0
1 1 -1112 1 -1115 0
1 1 -1113 1 -1116 0
1 1 -1111 1 -1117 0
1 1 -1112 1 -1118 0
1 1 -1113 1 -1119 0
1 1 -1111 1 -1120 0
1 1 -1112 1 -1121 0
1 1 -1113 1 -1122 0
1 1 -1114 1 -1117 0
1 1 -1115 1 -1118 0
1 1 -1116 1 -1119 0
1 1 -1126 1 -1129 0
1 1 -1127 1 -1130 0
1 1 -1128 1 -1131 0
1 1 -1126 1 -1132 0
1 1 -1127 1 -1133 0
1 1 -1128 1 -1134 0
1 1 -1129 1 -1132 0
1 1 -1130 1 -1133 0
1 1 -1131 1 -1134 0
1 1 -1135 1 -1144 0
1 1 -1136 1 -1145 0
1 1 -1137 1 -1146 0
1 1 -1135 1 -1180 0
1 1 -1136 1 -1181 0
1 1 -1137 1 -1182 0
1 1 -1138 1 -1141 0
1 1 -1139 1 -1142 0
1 1 -1140 1 -1143 0
1 1 -1138 1 -1144 0
1 1 -1139 1 -1145 0
1 1 -1140 1 -1146 0
1 1 -1141 1 -1144 0
1 1 -1142 1 -1145 0
1 1 -1143 1 -1146 0
1 1 -1144 1 -1180 0
1 1 -1145 1 -1181 0
1 1 -1146 1 -1182 0
1 1 -1147 1 -1150 0
1 1 -1148 1 -1151 0
1 1 -1149 1 -1152 0
1 1 -1147 1 -1153 0
1 1 -1148 1 -1154 0
1 1 -1149 1 -1155 0
1 1 -1150 1 -1153 0
1 1 -1151 1 -1154 0
1 1 -1152 1 -1155 0
1 1 -1159 1 -1162 0
1 1 -1160 1 -1163 0
1 1 -1161 1 -1164 0
1 1 -1159 1 -1165 0
1 1 -1160 1 -1166 0
1 1 -1161 1 -1167 0
1 1 -1159 1 -1168 0
1 1 -1160 1 -1169 0
1 1 -1161 1 -1170 0
1 1 -1162 1 -1165 0
1 1 -1163 1 -1166 0
1 1 -1164 1 -1167 0
1 1 -1168 1 -1171 0
1 1 -1169 1 -1172 0
1 1 -1170 1 -1173 0
1 1 -1168 1 -1174 0
1 1 -1169 1 -1175 0
1 1 -1170 1 -1176 0
1 1 -1171 1 -1174 0
1 1 -1172 1 -1175 0
1 1 -1173 1 -1176 0
